128.653 146.214 3.89446
130.123 145.243 4.89655
131.369 144.325 5.93882
131.935 143.885 6.4967
133.158 143.288 7.42637
133.975 142.903 8.01925
134.644 142.582 8.53416
135.734 142.107 9.24291

100.966 141.188 43.9713
101.453 141.253 45.0956
102.487 141.635 46.9503
103.358 141.99 48.5195
103.789 142.147 49.3191
103.93 142.929 50.7286

103.93 142.929 50.7286
105.282 142.377 52.1685
105.945 142.11 53.1628
106.294 141.992 53.7934
107.468 141.619 56.0637
108.078 141.407 57.4263
108.304 141.315 57.9656
108.839 141.088 59.4213
109.462 140.781 60.8066
109.971 140.485 61.7521
110.726 139.935 62.835
111.107 139.663 63.398
111.643 139.279 64.1883
112.672 138.584 65.7132
113.333 138.163 66.7143
114.164 137.681 68.0228
115.068 137.284 69.5878
115.707 137.099 70.8099
116.38 136.936 72.1354
116.784 136.844 72.9403
117.698 136.639 74.7577
118.739 136.321 76.6949
119.59 136.296 78.2873
120.933 136.166 79.422
122.518 136.178 80.699
123.385 136.184 81.3472
124.251 136.204 81.8466
125.244 136.213 82.4264
126.338 136.248 82.9469
127.087 136.257 83.3583
128.395 136.255 84.1024
130.405 136.23 85.3274

103.93 142.929 50.7286
103.156 144.165 51.5221
101.848 145.427 51.7407
100.486 146.555 51.1776
99.8611 147.043 50.8641
98.8436 147.808 50.6965
97.7802 148.753 50.3181
97.1885 149.231 50.3929
96.9984 149.404 50.382
96.5906 149.842 50.3492
96.0357 150.374 50.2907
95.0542 151.436 50.1634
94.4162 151.894 49.9048
93.426 152.159 49.3773
92.3763 152.5 48.7854

69.9695 138.333 67.9241
69.9364 138.214 67.9146

66.023 150.541 73.1918
66.2509 149.911 74.1547
66.5492 149.422 74.8443
66.9327 148.841 75.7225
67.4382 148.103 76.7591
68.2134 147.152 78.0239
68.9174 146.331 79.0113
69.2681 146.022 79.3979
69.9561 144.896 80.0133
70.6874 143.67 80.3656

65.2652 123.69 75.2001
65.2652 123.69 75.2001

85.4913 132.498 79.9998
84.7371 132.75 80.0704
84.5065 132.828 80.1006
83.9893 133.006 80.1766
83.4319 133.207 80.2727
82.0487 133.736 80.5432
80.8669 134.287 80.6128
80.3884 134.526 80.6313
79.658 134.934 80.6577
78.638 135.573 80.6957
77.7083 136.247 80.8318
77.1651 136.676 80.9704
76.8841 136.902 81.0408
76.3475 137.389 81.2361
75.718 137.97 81.5143
75.2253 138.489 81.7932
73.6567 139.601 82.0371
72.709 140.299 82.2588

70.6874 143.67 80.3656
70.7991 142.988 79.0742
70.7767 142.455 77.7925
70.6715 142.162 76.8256
70.3835 141.803 75.6543
70.3508 141.482 74.9494
70.1957 140.74 73.161
70.0033 139.416 70.3849
70.0653 138.814 69.3142
69.9364 138.214 67.9146

70.6874 143.67 80.3656
71.12 143.325 81.5849
71.3822 143.12 82.4407
71.8553 141.902 83.0875

72.709 140.299 82.2588
71.8553 141.902 83.0875

72.709 140.299 82.2588
72.4955 139.391 81.7616
72.3973 139.083 81.5862
71.9956 138.211 81.0537
70.8611 136.531 79.9978
67.3174 130.972 76.5092

59.9087 136.467 85.6705
62.2661 137.925 85.8238
64.1926 139.13 85.9173
65.1336 139.635 86.0307
65.7755 139.909 86.1746
66.2029 140.121 86.2482
66.7526 140.393 86.3458
68.3603 141.197 86.5677
70.2812 142.143 85.9285
71.8635 142.969 86.2029

56.2284 132.442 88.0001
56.2284 132.442 88.0001

73.843 170.216 91.7748
73.2268 171.121 92.1674
72.736 171.754 92.3573
72.4079 172.209 92.4449
72.1288 172.567 92.5363
71.8445 172.921 92.628
71.5287 173.309 92.7197
71.1971 173.701 92.8108
70.8624 174.092 92.8906
70.5193 174.482 92.9759
70.1065 174.931 93.0785
69.1951 175.829 93.3652
68.8601 176.138 93.4802

73.843 170.216 91.7748
74.0967 167.968 93.1549
74.0658 167.394 93.53
74.23 165.686 94.4827

73.843 170.216 91.7748
74.3628 170.594 90.4206
74.7586 170.651 89.6066
74.826 170.661 89.4479

79.634 151.555 105.559
79.3834 150.561 104.277
79.0581 149.917 103.131
78.4722 149.106 101.313
77.765 148.129 99.1256
77.2504 147.351 97.3685
76.6524 146.91 95.8767
76.3706 146.75 95.2022
75.8898 146.435 93.8955
75.2525 145.82 92.3793
74.4944 145.115 90.6509
73.6045 144.319 88.7936
73.2227 143.987 88.054
71.8635 142.969 86.2029

79.634 151.555 105.559
79.108 153.065 105.3
78.803 153.84 104.97
78.5739 154.301 104.358
78.0646 155.38 103.236
77.59 156.701 101.729
77.4345 157.237 101.155
77.183 157.977 100.387
76.9746 158.755 99.5975
76.6567 159.703 98.75
76.4687 160.308 98.2136
76.2587 160.927 97.6817
76.0272 161.505 97.219
75.4437 162.499 96.6452
75.2727 163.176 96.0891
74.93 164.035 95.5382
74.23 165.686 94.4827

79.634 151.555 105.559
80.4853 151.101 107.377
80.6525 150.976 107.71
80.9383 150.815 108.315
81.2201 150.63 108.887
81.6235 150.458 109.843
81.9488 150.331 110.647
82.3274 150.214 111.644
82.7142 150.121 112.73
83.0655 150.078 113.869
83.5427 150.055 115.601
83.877 150.07 116.976
84.2581 150.107 118.634
84.512 150.176 120.04
84.677 150.275 121.37
84.6109 150.528 122.744
84.6887 150.713 123.5
84.6982 150.796 123.872
84.7851 150.991 124.527

178.504 148.681 105.668
178.572 146.977 106.454
178.45 146.094 107.205
178.175 144.632 108.634
177.148 142.855 111.843
176.552 141.961 113.434
176.176 141.442 114.581
175.814 141.245 115.92

178.504 148.681 105.668
178.814 149.015 104.356
179.172 148.953 102.981
179.406 149.308 101.493
179.652 149.742 99.7551
179.69 149.831 99.3892
179.884 150.329 97.5736
180.03 150.387 95.8776
180.005 150.581 95.096
179.941 150.708 93.7296
179.814 150.862 92.5014
179.584 150.977 90.7851
179.371 151.092 89.0339
179.298 151.153 88.2271

178.504 148.681 105.668
177.96 150.193 106.44
177.373 151.492 107.582
176.967 152.43 108.44
176.448 153.593 109.706
175.914 154.743 111.406
175.501 155.646 113.613
175.229 156.245 115.146
175.208 156.294 115.277
175.124 156.493 116.03
175.036 156.699 116.789
174.991 156.805 117.339
174.931 156.949 118.222
174.847 157.148 119.483
174.679 157.52 121.906
174.594 157.625 122.898
174.456 157.767 124.301
174.335 157.862 125.246
174.157 157.98 126.407
173.991 158.068 127.209
173.771 158.172 128.063
173.344 158.372 129.545
172.746 158.677 131.266
172.478 158.824 132.014
171.937 159.147 133.465
171.242 159.576 135.318
170.971 159.745 136.032
170.469 160.101 137.392
170.247 160.375 138.184
169.816 160.903 139.716
169.545 162.033 142.324
169.365 162.754 143.998
169.336 163.37 145.765

175.814 141.245 115.92
176.692 141.906 117.72
177.555 142.572 118.617
179.925 144.449 120.89
181.325 145.665 121.443
182.401 146.656 121.839
183.565 147.751 122.132
184.993 149.109 122.449
186.18 150.265 122.627
186.799 150.871 122.709
187.576 151.658 122.744
188.297 152.408 122.736
189.183 153.395 122.612
190.118 154.463 122.443
190.872 155.36 122.263
191.542 156.186 122.069
192.2 157.025 121.877
193.141 158.347 121.523
193.696 159.204 121.276
194.553 160.638 120.521

175.814 141.245 115.92
173.986 140.008 115.648
172.141 138.824 115.368
171.215 138.238 115.201
170.141 137.565 114.981
168.953 136.824 114.724
168.162 136.337 114.552
166.313 135.216 114.167
164.967 134.536 113.811
164.236 134.178 113.568
163.61 133.89 113.366
162.253 133.32 113.17
161.091 132.896 113.091
160.21 132.6 113.067
158.873 132.21 113.064
157.988 132 113.074
156.915 131.788 113.086
155.751 131.614 113.091
155.079 131.537 113.093
154.149 131.441 113.093
152.744 131.37 113.073
150.776 131.344 113.088
149.181 131.438 113.043
147.093 131.753 113.018
145.717 131.979 113.024
143.785 132.338 113.228
142.87 132.504 113.172
141.896 132.692 113.19
140.108 133.07 113.388
139.165 133.311 113.537
137.566 133.633 113.294

70.6836 179.738 116.922
70.9508 179.529 116.982
72.2121 178.546 117.329
72.9833 177.987 117.459
74.4971 176.882 117.669
75.2913 176.305 117.72
75.7535 175.982 117.722
76.63 175.359 117.685
77.1315 175.016 117.602
77.4705 174.811 117.51
78.4235 174.252 117.215
78.8016 174.006 117.121
79.2323 173.705 117.007
80.1626 173.008 116.741
81.1121 172.199 116.417
82.0488 171.26 116.186
82.6161 170.982 115.688

195.917 172.038 121.843
195.471 170.238 120.816
195.55 168.63 120.673
195.675 167.462 120.683
195.854 165.956 120.717
196.469 164.885 121.021

195.917 172.038 121.843
197.571 172.354 122.903
198.381 172.183 123.282
199.286 171.783 123.613
200.298 171.274 123.909
200.777 170.365 123.832
200.856 168.92 123.519

195.917 172.038 121.843
195.119 173.401 122.153
194.522 174.423 122.527

111.939 96.2717 125.007
110.839 96.4467 126.385
109.992 96.6537 127.627
109.291 96.936 129.002
108.593 97.3038 130.523
108.025 97.911 131.943
107.531 98.8524 133.051
107.317 99.3945 133.698
107.037 100.186 134.578
105.842 102.004 135.047

57.6081 165.844 123.725
58.425 165.325 124.207
59.1528 164.969 124.722
60.4597 164.342 125.786
60.8922 164.107 126.16
61.5408 163.75 126.574
62.9595 162.979 127.15
63.8113 162.501 127.402
64.5285 162.108 127.457
65.6048 161.561 127.482
66.8151 160.965 127.502
67.4436 160.668 127.523
68.0801 160.337 127.576
68.7708 159.992 127.629
69.1543 159.759 127.698
69.7075 159.44 127.803
70.8212 158.77 128.096
72.0704 158.019 128.505
73.1279 157.378 128.793
73.5353 157.165 128.84
74.1072 156.883 128.88
74.792 156.512 128.936
75.5798 156.092 128.989
76.3104 155.683 129.062
76.6951 155.465 129.119
77.1289 155.21 129.207
77.4824 155.005 129.288
78.1009 154.628 129.48
79.0888 153.972 129.823
79.5687 153.625 130.142
79.6834 153.528 130.159
80.3094 153.082 130.272
80.8322 152.723 130.36
81.2248 152.232 129.689
82.7413 151.327 128.49

60.1843 119.538 130.418
62.321 121.2 131.328

62.321 121.2 131.328
62.558 123.445 131.832
62.668 126.554 132.039

62.321 121.2 131.328
63.2646 120.176 131.268
63.4944 119.983 131.263

52.8487 135.85 137.606
53.5688 135.948 137.603
54.0893 136.031 137.601
55.3648 136.282 137.598
56.2534 136.476 137.6
57.1867 136.668 137.609
57.8513 136.758 137.622
58.39 136.822 137.633
58.8768 136.853 137.646
59.5067 136.893 137.662
60.172 136.905 137.674
61.1372 136.916 137.678
61.8299 136.884 137.658
62.1555 136.87 137.642
62.8073 136.83 137.6
63.4473 136.76 137.54
64.248 136.681 137.48
66.6129 133.884 136.805

66.6129 133.884 136.805
69.5025 136.348 138.724
71.2089 137.292 139.585
72.4775 137.614 140.258
74.2717 137.917 141.426
76.5385 138.276 142.94
77.7112 138.451 143.674
79.2137 138.767 144.461
81.2 139.192 145.423
83.1155 139.596 146.463
84.0471 139.674 147.154
85.1481 139.88 147.837
86.1543 140.012 148.403
86.725 138.58 150.168
87.3641 136.629 152.293

66.6129 133.884 136.805
64.8292 129.865 134.503
63.9207 127.941 133.422
62.668 126.554 132.039

178.117 144.98 136.768
178.121 144.982 136.774
178.125 144.983 136.778

75.5278 92.2165 141.032
76.3128 92.362 141.331
77.2795 92.5782 141.694
78.5001 92.9404 142.125
79.5376 93.2644 142.464
80.5892 93.5739 142.805
82.0155 93.9047 143.301
82.6997 94.0306 143.526
83.3112 94.1512 143.686
83.925 94.2881 143.825
84.692 94.4755 143.995
85.5238 94.7586 144.176
86.3511 95.086 144.382
87.4636 95.6182 144.687
90.4503 97.0554 145.624
92.589 97.9937 146.466
94.0638 98.6371 147.288
94.5913 98.903 147.717
95.0225 99.1636 148.239
95.3683 99.4522 148.665
95.8675 99.6695 149.375
96.334 99.8449 150.079
97.0981 100.351 151.4

169.115 162.169 142.322
169.123 162.457 143.044
169.336 163.37 145.765

81.6272 190.511 143.274
81.8388 190.221 143.596
82.5262 189.384 144.575
82.9483 188.926 145.224
83.82 188.07 146.47
84.2492 187.666 147.06
84.6476 187.035 147.945
84.8341 186.545 148.643
84.6263 185.84 149.629
84.3089 185.206 150.542
83.7096 184.419 151.811
83.3808 183.277 153.346

169.336 163.37 145.765
169.961 165.623 153.239

169.961 165.623 153.239
170.052 165.889 154.667

169.961 165.623 153.239
169.654 165.185 151.191
169.265 164.452 148.371
169.216 164.297 147.866

91.8089 90.7389 153.445
93.2221 91.4541 153.239
94.4216 92.1965 153.001
95.2984 92.4769 152.835
96.8278 92.913 152.546

112.281 105.816 151.523
111.805 105.259 148.751
111.423 104.895 146.929
110.976 104.557 145.35
110.636 104.311 144.196
110.194 103.935 142.837
109.5 103.542 141.667
108.861 103.266 140.461
108.326 103.036 139.495
107.68 102.726 138.298
106.751 102.504 137.205
105.842 102.004 135.047

112.281 105.816 151.523
114.163 106.773 153.02
115.315 107.407 154.313
116.36 108 155.625
117.93 108.916 157.737
119.163 109.671 159.517
119.589 109.952 160.2
120.338 110.486 161.45
120.816 110.847 162.298
121.336 111.327 163.195
122.075 112.056 164.466
122.745 112.706 165.673
123.66 113.612 167.39
124.221 114.171 168.496
124.834 114.772 169.833
125.12 115.067 170.494
125.686 115.693 171.625
126.111 116.212 173.409

112.281 105.816 151.523
110.977 105.235 151.12
110.357 104.982 151.124
109.025 104.417 151.108
107.172 103.603 151.132
105.748 102.974 151.151
104.065 102.229 151.173
103.546 101.995 151.178
102.215 101.368 151.188
101.065 100.82 151.197
99.4337 99.8942 151.25

82.4759 130.952 153.64
83.1138 131.549 153.537
84.8572 133.537 153.112
86.6279 135.431 152.78
87.3641 136.629 152.293

95.1726 141.887 154.426
95.0954 141.88 156.052

95.1726 141.887 154.426
96.3974 142.268 155.181
97.8977 142.548 156.139
99.0365 142.743 156.983
99.9552 142.825 158.135
100.762 142.87 159.333
101.449 142.89 160.33
102.337 142.947 162.933

95.1726 141.887 154.426
94.974 142.476 152.399
95.073 142.874 151.544
95.2274 143.619 149.925
94.947 143.948 149.008
94.8729 144.508 147.917
94.5622 145.139 146.498
94.0899 145.477 145.444
93.7075 145.801 144.416
93.0665 146.127 143.231
92.4071 146.4 142.24
91.974 146.597 141.485
91.7582 146.702 141.053
91.0257 147.016 139.859
90.1539 147.409 138.322
89.3191 147.791 136.864
88.9903 147.958 136.24
88.3107 148.369 134.75
87.8238 148.68 133.676
87.452 148.925 132.861
87.1502 149.21 131.925
86.412 149.595 131.048
86.3234 149.65 130.916
85.5105 150.094 129.921
82.7413 151.327 128.49

95.1726 141.887 154.426
93.3219 140.684 153.572
91.6468 139.439 152.977
90.6485 138.637 152.968
89.7363 137.918 152.924
89.1779 137.482 152.883
87.3641 136.629 152.293

79.9183 185.198 159.485
79.9372 185.181 159.472
80.6966 184.279 159.019
80.9902 183.941 158.845
81.4217 183.455 158.6
81.7945 183.043 158.398
82.3736 182.425 158.093
83.0243 181.566 157.363

77.6271 188.777 161.6
77.6271 188.777 161.6
77.6271 188.777 161.6

84.8477 172.472 161.225
84.9281 173.377 160.463
85.0975 174.185 159.718
85.0127 174.987 159.184
84.8452 176.04 158.562
84.6627 177.119 157.946
84.3913 178.438 157.276
84.0422 179.714 156.794
83.0243 181.566 157.363

84.8477 172.472 161.225
83.3179 172.69 162.217
82.073 173.007 162.815
81.5838 173.163 163.023
81.1044 173.381 163.202
80.4891 173.698 163.434
80.2634 173.839 163.524
79.7472 174.172 163.738
79.004 174.743 164.083
77.8545 175.758 164.606
77.1431 176.433 164.906
76.639 176.903 165.121
76.0458 177.414 165.399
75.4984 177.828 165.679
74.811 178.33 166.065
74.1982 178.796 166.421
73.6373 179.215 166.758
73.0603 179.653 167.086
72.3006 180.208 167.442
71.4377 180.844 167.87
70.9157 181.217 168.122
70.1162 181.761 168.484
69.3266 182.271 168.787
68.8096 182.646 168.885
68.1256 183.114 169.014
67.688 183.416 169.077
67.3154 183.657 169.145
66.41 184.23 169.314
65.8882 184.51 169.405
65.5257 184.688 169.464
64.9453 184.937 169.538
64.1814 185.201 169.607
63.5813 185.371 169.63
63.0571 185.505 169.64
62.3638 185.678 169.639
61.7702 185.831 169.631
61.35 185.942 169.623

84.8477 172.472 161.225
85.4766 171.757 161.321
85.8185 171.181 161.526
86.2383 170.44 161.819
86.9123 169.025 162.491
87.1322 168.545 162.729
87.4481 167.776 163.154
87.8212 166.774 163.758
88.2113 165.667 164.485
88.3696 164.902 165.057
88.5843 163.755 166.281

59.7207 119.951 166.744
60.7063 120.928 167.241
62.5908 125.852 167.324
64.1072 129.695 167.343
66.8879 136.301 167.235

57.5513 133.84 166.4
57.5685 133.841 166.4
57.577 133.842 166.401

72.341 142.616 165.337
73.9312 142.856 165.618
74.8865 143.124 165.661
75.899 143.361 165.664
77.7619 143.64 165.642
79.4049 143.776 165.607
80.1266 143.786 165.584
80.9375 143.784 165.558
82.1831 143.729 165.509
83.4322 143.651 165.453
84.6068 143.587 165.414
85.6687 143.552 165.418
86.7176 143.499 165.42
88.0512 143.332 165.653
88.961 143.201 165.844
89.4015 143.179 165.88
90.2904 143.217 165.837
92.048 143.102 165.941
92.6474 143.066 165.961
93.4134 143.023 165.955
94.1623 142.984 165.92
95.2459 142.933 165.85
96.1706 142.905 165.756
97.0835 142.889 165.546
99.2584 142.888 164.036
100.573 142.897 163.206
102.337 142.947 162.933

72.341 142.616 165.337
71.5039 144.08 164.153
70.3964 144.878 163.247
69.7697 145.113 162.86
68.7833 145.293 162.607
68.0212 145.471 162.351
67.2671 145.615 162.142
65.9934 145.882 161.824
65.2736 146.073 161.676
64.4162 146.32 161.524
63.7159 146.5 161.413
62.9814 146.701 161.285
61.7516 146.396 160.697
60.7946 146.101 160.195
59.9925 145.894 159.808
59.0276 145.682 159.369
57.3895 145.427 158.723
56.5521 145.345 158.434
55.5433 145.233 158.092
53.6523 144.933 157.394
52.5549 144.785 157.046
51.2356 144.644 156.84
50.7996 144.607 156.803
50.2871 144.576 156.791
49.6646 144.541 156.786
48.9364 144.501 156.77
48.0077 144.428 156.704
47.2006 144.315 156.565
46.2592 144.161 156.368
45.5419 144.01 156.161

72.341 142.616 165.337
71.512 141.09 165.901
70.3089 139.589 166.23
68.4469 137.406 166.672
68.0203 136.884 166.782
66.8879 136.301 167.235

88.5843 163.755 166.281
87.8239 162.905 166.824
86.9083 162.537 166.925
85.3756 162.393 167.059
83.6542 162.273 167.242
82.1972 162.523 167.149
81.418 162.64 167.119
80.3236 162.82 167.079
78.9247 163.059 167.095
78.3246 163.159 167.152
77.3323 163.26 167.505

88.5843 163.755 166.281
90.089 162.984 168.836

60.7052 144.78 169.6
60.7052 144.78 169.6

167.109 99.8344 171.491
169.047 100.115 170.584
170.352 99.0507 169.748
171.268 98.3428 169.072
171.976 97.6583 168.511
172.686 96.9865 167.713
173.456 96.158 166.778
173.893 95.6829 166.206
174.23 95.2955 165.796
174.641 94.8263 165.307
175.134 94.3097 164.705
175.758 93.7084 163.986
176.435 93.0604 163.292
177.236 92.4017 162.397
178.089 91.5913 161.45
179.294 90.4434 160.201
179.64 90.1296 159.831
180.098 89.6753 159.367
180.231 89.5659 159.225
180.694 89.1337 158.667
181.234 88.6294 157.976
181.681 88.2595 157.456
182.313 87.7136 156.886
183.152 86.9999 155.907
185.134 85.9225 156.129
185.767 85.575 156.117
186.068 85.4261 156.09
187.044 84.9338 155.981
187.932 84.5305 155.808
188.671 84.1817 155.623
189.374 83.8716 155.46
189.982 83.5945 155.352
190.384 83.4081 155.297
190.714 83.263 155.26
191.122 83.085 155.224
191.513 82.9124 155.199

167.109 99.8344 171.491
166.855 98.7311 171.103
166.762 97.382 170.46
166.696 95.566 169.697
166.784 95.0435 169.312
167.027 94.6057 168.628
167.383 93.5726 167.682
167.669 92.9789 166.964
168.097 92.038 166.005
169.202 89.6428 163.547

167.109 99.8344 171.491
166.352 100.514 172.201
165.863 101.072 172.697
165.368 101.645 173.197
164.95 102.166 173.63
164.352 102.932 174.253
163.802 103.708 174.845
163.022 104.922 175.711
161.737 106.982 177.173
161.483 107.587 177.504
161.234 108.381 178.05
161.014 108.96 178.489
160.859 110.46 179.689
161.346 111.947 180.867

107.994 144.094 171.668
107.224 145.053 172.255
106.72 145.772 172.828
105.807 146.787 172.796
105.331 147.393 172.853
104.228 148.667 172.809
103.704 149.263 172.779
102.744 150.3 172.668
102.08 150.976 172.561
101.308 151.704 172.39
100.532 152.387 172.188
99.4036 153.318 171.819
98.5635 153.991 171.515
97.4215 154.905 170.944
96.1131 155.974 170.313
95.7761 156.254 170.153
95.1723 156.768 169.845
94.7853 157.107 169.647
94.0702 157.754 169.319
93.1554 158.641 168.859
92.5214 159.301 168.587
91.6018 160.296 168.224
90.089 162.984 168.836

107.994 144.094 171.668
107.515 143.868 170.59
107.146 143.726 169.85
106.64 143.494 168.772
106.519 143.458 168.553
105.947 143.33 167.608
105.189 143.234 166.501
104.689 143.16 165.728
103.685 143.028 164.338
102.337 142.947 162.933

107.994 144.094 171.668
108.664 143.903 172.282
109.371 143.703 172.935
110.122 143.548 173.737
110.975 143.386 174.748
111.714 143.255 175.678
112.727 143.081 177.03
112.925 143.047 177.303
113.641 142.922 178.34
114.731 142.712 180.02
115.23 142.626 180.741
115.2 141.737 183.381

60.4872 166.349 174.407
60.7654 166.306 174.375
61.1149 166.252 174.321
61.9757 166.114 174.152
62.1204 166.09 174.115
62.8022 165.974 173.913
63.8219 165.801 173.577
65.2007 165.553 173.094
65.6659 165.465 172.931
66.1795 165.364 172.748
66.8545 165.231 172.476
67.9943 165.009 171.961
69.3103 164.765 171.363
69.5752 164.704 171.267
70.3813 164.532 170.977
71.2974 164.322 170.705
72.3554 164.063 170.467
73.1278 163.881 170.271
74.1599 163.648 169.916
75.2534 163.39 169.531
76.5296 163.073 169.104
77.3103 162.959 168.625
77.3323 163.26 167.505

84.1561 171.789 174.448
84.7189 171.209 174.313
85.0759 170.879 174.206
85.5794 170.463 174.018
86.5124 170.077 173.53
87.7213 171.351 172.953

179.143 92.0806 175.998
178.881 92.8673 176

126.111 116.212 173.409
127.047 117.563 174.981
127.621 118.532 176.285
128.397 119.947 178.198
129.233 122.256 181.094
130.424 125.849 185.635
130.967 127.117 187.107
131.387 128.44 188.814
131.828 129.635 190.411
132.225 130.944 192.049
132.798 133.197 194.441
132.669 135.255 195.831

126.111 116.212 173.409
124.909 114.674 174.724
123.958 113.548 176.41
123.043 112.765 176.804
119.612 109.582 176.42
117.338 107.47 176.138
111.518 102.048 175.403

89.4072 157.154 175.268
88.3863 157.446 175.877
87.8846 157.595 176.163
87.3317 157.773 176.448
86.7141 157.913 176.745
85.5413 158.131 177.261
84.8802 158.237 177.526
84.634 158.278 177.63
83.835 158.378 177.96
82.9667 158.468 178.323
82.0866 158.543 178.708
81.6035 158.574 178.918
81.1517 158.626 179.109
80.9124 158.644 179.218
79.8326 158.713 179.78
79.1383 158.762 180.173
78.1705 158.881 180.722
77.2303 159.096 181.286
76.676 159.217 181.612
75.6392 159.437 182.172
74.6995 159.603 182.657
73.4684 159.675 183.27
72.7538 159.685 183.607
72.2055 159.678 183.835
71.8326 159.67 183.989
71.3261 159.668 184.192
70.8968 159.658 184.37
70.4407 159.657 184.558
69.6648 159.655 184.916

177.367 109.655 177.604
177.2 109.666 177.603
176.983 109.676 177.602

81.5102 111.15 179.2
81.5102 111.15 179.2

161.346 111.947 180.867
159.913 112.61 181.387
159.246 113.13 181.796
157.573 114.267 182.592
156.544 114.953 183.135
156.283 115.147 183.279
155.926 115.408 183.493
155.519 115.782 183.759
154.307 116.954 184.614
153.797 117.405 184.946
153.561 117.626 185.089
153.143 118.058 185.357
152.108 118.992 186.147
151.273 119.886 186.746
150.251 121.072 187.507
149.659 121.763 187.774
148.791 122.837 188.016
147.944 123.906 188.14
147.492 124.509 188.162
146.394 126.39 188.371
144.996 127.879 189.272
144.269 128.583 189.883
143.593 129.367 190.592
143.09 129.988 191.16
142.589 130.989 192.03
141.535 132.358 193.473
139.953 132.998 194.305
138.718 133.518 194.914
137.438 134.099 195.543
135.37 134.863 196.078
134.59 135.123 196.24
134.111 135.312 196.348
132.669 135.255 195.831

161.346 111.947 180.867
162.614 111.861 180.874
163.509 111.521 180.694
163.926 111.362 180.619
164.581 111.131 180.493
165.443 110.737 180.307
166.047 110.484 180.174
167.27 110.111 179.877
168.282 109.896 179.626
169.086 109.762 179.462
170.202 109.594 179.283
170.552 109.502 179.248

94.2346 148.878 186.053
93.4394 148.752 186.386
92.6899 148.637 186.679
91.6862 148.512 186.975
91.5026 148.494 187.018
91.019 148.447 187.112
90.5029 148.4 187.183
90.0956 148.364 187.229
89.4858 148.311 187.265

76.9636 126.936 187.226
77.0048 126.946 187.227
77.5446 127.136 187.233
78.2155 127.329 187.234
79.0643 127.526 187.224
79.6086 127.618 187.206
79.854 127.638 187.187
80.7155 127.678 187.113
81.5957 127.678 186.971
82.3244 127.657 186.817
83.5524 127.656 186.497
84.9129 127.71 186.139
85.8786 127.765 185.922
86.8576 127.819 185.737
87.5832 127.798 185.665
88.2139 127.801 185.595
89.5513 127.856 185.438
90.643 127.982 185.262
91.7053 128.168 185.025
92.6269 128.363 184.79
93.5762 128.715 184.427
95.212 129.285 183.815
96.3006 129.636 183.396
97.5871 130.012 182.995
99.4632 130.679 182.559
100.726 131.189 182.444
101.593 131.581 182.468
102.503 132.111 182.564
107.759 136.528 184.253
111.118 139.449 185.334
112.838 140.586 184.495
113.042 140.725 184.373
113.71 141.126 184.062
115.2 141.737 183.381

202.67 166.715 102.83
201.567 166.325 103.596
200.836 166.041 104.171
200.079 165.766 104.73
199.586 165.434 105.37
198.703 164.387 106.937
198.288 163.979 107.591
198.036 163.711 108.042
197.581 163.247 108.925
196.967 162.622 110.22
196.399 162.163 111.661
196.197 162.079 112.623
196.085 162.025 113.196
195.809 161.9 114.651
195.317 161.667 117.363
194.553 160.638 120.521

59.8742 146.681 114.041
60.7988 146.955 114.672
61.5217 147.159 115.205
62.2305 147.363 115.736
63.1237 147.593 116.402
63.8093 147.771 116.91
64.493 147.948 117.386
67.3722 148.5 119.103
68.7238 148.707 119.837
69.4639 148.771 120.225
70.2793 148.876 120.642
71.241 148.979 121.151
73.3006 149.249 122.401
74.4924 149.338 123.151
76.0756 149.357 124.191
77.0104 149.258 124.907
78.6682 149.342 125.88
80.0307 149.633 126.177
81.117 150.343 126.925
82.7413 151.327 128.49

105.842 102.004 135.047
104.467 102.578 133.682
103.906 102.642 132.989
103.269 102.701 131.939
102.806 102.797 131.181
102.535 102.826 130.746
101.927 102.859 129.745
101.499 102.911 129.036

67.9015 140.29 167.757
66.8879 136.301 167.235

69.8722 133.879 58.4448
69.8622 134.214 59.707
69.863 134.954 61.7061
69.6265 136.479 65.209
69.9364 138.214 67.9146

65.1215 166.899 93.9701
65.8125 166.673 93.8817
66.2607 166.541 93.8661
67.1521 166.313 93.9129
68.1032 166.082 94.0389
68.9168 165.901 94.192
69.5339 165.777 94.3034
70.3269 165.632 94.4318
71.449 165.475 94.589
74.23 165.686 94.4827

87.7579 183.725 102.224
87.5673 183.06 102.861
87.399 181.967 103.75
87.2015 180.724 104.718
87.0363 180.033 105.258
86.7235 178.906 106.241
86.5539 178.378 106.7
85.9846 177.007 107.93
85.5317 176.05 108.788
85.2543 175.513 109.299
84.8989 174.867 110.065
84.3726 173.917 111.161
84.167 173.475 111.695
83.8032 172.852 112.572
83.3437 171.848 113.995
83.0191 171.244 114.941
82.6161 170.982 115.688

58.1745 130.532 128.366
59.8796 131.204 129.45
60.9747 129.987 130.399
61.4027 129.182 130.811
61.7705 128.486 131.165
62.1995 127.65 131.582
62.668 126.554 132.039

173.744 84.4425 149.963
173.353 84.9731 150.991
172.825 85.6005 152.338
172.38 86.1432 153.563
172.126 86.4566 154.332
171.636 87.1108 155.948
171.333 87.6147 157.096
171.163 87.8786 157.699
170.693 88.5896 159.286
170.091 89.4579 161.059
169.595 89.9304 162.374
169.202 89.6428 163.547

52.2718 173.646 149.975
52.2967 173.632 149.984
52.4228 173.56 150.023
53.1026 173.161 150.211
53.8067 172.722 150.396
54.6547 172.167 150.632
55.6121 171.511 150.974
56.0793 171.184 151.171
56.4828 170.882 151.393
57.1075 170.428 151.781
58.138 169.665 152.557
58.7925 169.253 153.018
59.7386 168.658 153.771
60.787 168.061 154.544
61.6683 167.765 155.408
61.9886 167.652 155.718
62.5402 167.474 156.15
63.1364 167.373 156.446
64.4205 167.176 157.246
65.2961 166.992 157.902
65.9481 166.841 158.466
67.0206 166.681 159.078
67.8442 166.512 159.766
68.9022 166.34 160.569
69.9838 166.077 161.304
70.53 165.963 161.626
71.4534 165.774 162.052
72.3544 165.508 162.675
73.5272 165.094 163.406
74.8094 164.629 164.257
75.7044 164.336 164.755
76.7549 163.795 165.975
77.3323 163.26 167.505

81.2481 184.464 153.386
81.7592 184.255 153.275
83.3808 183.277 153.346

71.8662 102.418 155.08
72.0726 102.375 155.13
72.9222 102.199 155.302
73.5088 102.096 155.405
74.4979 101.976 155.565
75.7914 101.83 155.774
76.8892 101.813 155.766
77.4468 101.854 155.718
78.0227 101.995 155.6
79.2175 102.146 155.444
80.2234 102.279 155.315
81.3102 102.337 155.198
82.1555 102.346 155.109
82.5653 102.354 155.062
83.264 102.366 154.986
84.129 102.421 154.845
85.3338 102.47 154.738
86.2417 102.524 154.648
87.2493 102.624 154.44
88.6582 102.728 154.183
90.1627 102.833 153.785
91.0275 102.862 153.555
91.7874 102.796 153.356
92.4463 102.683 153.248
93.3794 102.497 153.105
94.2709 102.258 152.962
95.182 102.01 152.768
96.1254 101.019 151.829
97.0981 100.351 151.4

169.024 87.7602 164.561
169.017 87.9164 164.532
169.011 88.0331 164.508
169.202 89.6428 163.547

66.316 142.773 167.806
66.4257 142.697 167.79
67.2615 142.286 167.661
66.6037 138.005 167.395
66.8879 136.301 167.235

91.5826 179.267 171.736
91.4687 179.144 171.796
90.6988 178.064 172.307
89.9989 176.504 172.403
89.1565 174.441 172.59
87.7213 171.351 172.953

111.518 102.048 175.403
111.173 99.9685 175.76
111.09 99.292 175.841
111.088 98.6491 175.912
111.106 98.328 175.949
111.146 97.7287 175.997
111.234 96.7723 176.043
111.391 95.724 176.054
111.562 94.9268 176.046
111.781 94.1655 176.03

111.518 102.048 175.403
110.438 101.538 175.184
109.057 100.895 174.845
107.764 100.406 174.622
107.151 100.235 174.501
106.118 99.8567 174.478
104.782 99.5323 174.534
103.954 99.3817 174.674
102.893 99.2995 174.955
101.384 99.2294 175.464
100.744 99.2102 175.659
100.4 99.1918 175.748
99.956 99.1638 175.854
99.2933 99.1063 175.962

176.954 99.7568 177.602
176.875 99.9012 177.604
176.812 100.024 177.604
176.684 100.267 177.604
176.152 101.233 177.607
175.979 101.527 177.607
175.765 101.89 177.608
175.344 102.593 177.607
174.917 103.248 177.607
174.735 103.528 177.606
174.38 104.057 177.605
174.178 104.364 177.604

131.322 135.609 43.3718
131.079 135.782 43.1609

71.8553 141.902 83.0875
71.5524 142.495 84.546
71.8635 142.969 86.2029

215.038 176.519 122.635
213.447 175.246 122.861
212.17 174.08 122.862
211.306 173.549 123.033
210.298 172.859 123.185
209.06 172.197 123.435
208.214 171.655 123.544
207.478 171.251 123.656
206.02 170.689 123.692
205.452 170.481 123.697
204.47 170.13 123.694
203.259 169.692 123.686
202.09 169.337 123.646
200.856 168.92 123.519

99.4337 99.8942 151.25
97.9589 97.2116 151.646
97.775 96.3902 151.809
97.4821 94.9923 152.093
96.8278 92.913 152.546

99.4337 99.8942 151.25
97.0981 100.351 151.4

97.8414 91.1207 152.698
96.8278 92.913 152.546

83.3808 183.277 153.346
83.6782 181.956 154.803
83.5796 181.583 155.691
83.0243 181.566 157.363

82.6161 170.982 115.688
83.1211 170.046 115.838
83.2748 169.231 116.334
83.404 168.622 116.686
83.5143 168.087 117.002
83.7721 166.951 117.624
83.9247 165.825 118.465
84.1383 165.047 118.934
84.5255 163.975 119.266
84.7867 163.203 119.808
85.2191 162.048 120.436
85.6017 161.498 120.766
85.7829 161.201 120.961
86.0429 160.81 121.144
86.3498 160.344 121.411
86.9068 159.778 121.953
87.4672 158.636 122.839
87.2137 156.037 123.863
86.9803 154.57 124.469
86.8712 154.008 124.705
86.691 153.204 125.081
86.3997 152.159 125.658
85.9691 151.836 125.767
84.7851 150.991 124.527

90.089 162.984 168.836
89.8987 164.957 170.576
89.7081 165.489 170.86
89.5733 165.788 171.025
89.2581 166.496 171.39
88.7415 167.755 171.84
88.4179 169.28 172.267
87.7213 171.351 172.953

148.131 142.704 3.70934
146.072 142.424 4.59721
143.831 142.168 5.60645
142.595 142.04 6.14898
141.445 141.937 6.6574
140.619 141.86 7.10711
139.94 141.812 7.49441
138.904 141.931 7.76347
137.229 142.106 8.27962
135.734 142.107 9.24291

131.079 135.782 43.1609
131.105 135.94 41.8939
131.187 136.072 40.7448
131.246 136.259 39.4345
131.284 136.42 38.4226
131.354 136.621 37.1584
131.456 136.901 35.4977
131.576 137.255 33.4679
131.672 137.494 32.0916
131.74 137.653 31.2041
131.842 137.89 29.9179
131.935 138.079 28.88
132.025 138.252 27.9305
132.166 138.525 26.4419
132.393 138.821 24.78
132.544 139.068 23.4507
132.857 139.297 22.1451
133.314 139.739 19.6675
133.63 140.013 18.1275
133.893 140.209 17.0392
134.205 140.53 15.3925
134.901 141.793 10.7873
135.734 142.107 9.24291

131.079 135.782 43.1609
131.072 135.641 44.7699
131.043 135.558 46.2842
131.067 135.509 47.8606
131.337 135.418 50.3526
131.266 135.66 53.2877
131.468 135.851 55.1908
131.719 136.013 56.8924
131.977 136.212 58.3686
132.272 136.421 59.9484
132.468 136.563 61.0536
132.694 136.728 62.3631
132.994 136.957 64.2912
133.048 137.001 64.6806
133.314 137.226 66.8636
133.52 137.408 68.7152
133.619 137.511 69.893
133.697 137.637 71.7167
133.688 137.748 74.0155
133.564 137.76 75.4613
133.499 137.759 76.3906
133.431 137.75 77.4357
133.192 137.661 78.741
132.659 137.459 80.2182
132.095 137.177 81.3773
131.862 137.062 81.8157
131.281 136.752 83.1137
130.405 136.23 85.3274

115.2 141.737 183.381
117.523 142.061 183.769
118.347 142.065 184.224
119.739 142.081 184.897
122.286 141.842 186.676
123.999 141.606 187.998

82.7413 151.327 128.49
84.0276 151.073 126.382
84.7851 150.991 124.527

194.553 160.638 120.521
196.121 163.41 120.833
196.469 164.885 121.021

200.856 168.92 123.519
199.907 167.623 123.164
199.463 167.08 122.979
198.798 166.322 122.684
198.28 165.866 122.334
197.598 165.402 121.832
196.469 164.885 121.021

132.669 135.255 195.831
131.489 136.474 196.108
130.1 137.32 196.082
129.105 137.924 195.931
128.208 138.465 195.769
126.877 139.449 194.383
125.857 140.258 192.789
125.36 140.664 191.715
125.102 140.874 191.021
124.74 141.161 189.898
124.497 141.39 188.937
123.999 141.606 187.998

137.566 133.633 113.294
136.88 134.048 114.669
136.624 134.187 115.097
136.078 134.522 116.202
135.859 135.024 117.841
135.598 135.597 119.615
135.526 135.752 120.079
135.194 136.591 122.56
134.859 137.21 124.166
134.747 137.65 125.387
134.54 138.558 127.919
134.466 138.934 128.975
134.417 139.3 130.012
134.307 139.943 131.943
134.219 140.199 132.766
134.126 140.472 133.664
134.233 140.881 135.4
134.64 141.606 138.608
134.615 141.971 141.075
134.608 142.114 142.058
134.603 142.149 142.31
134.555 142.372 143.948
134.509 142.507 145.013
134.449 142.621 145.999
134.35 142.8 147.573
134.256 142.919 148.731
134.1 143.109 150.603
134.006 143.213 151.668
133.951 143.268 152.251
133.876 143.334 152.988
133.635 143.504 155.036
133.4 143.548 156.278
133.039 143.54 157.751
132.679 143.538 159.39
132.421 143.521 160.682
132.114 143.468 162.148
131.86 143.415 163.373
131.465 143.28 165.419
131.238 143.195 166.614
130.895 143.062 168.415
130.716 142.996 169.341
130.473 142.916 170.574
130.289 142.858 171.504
130.074 142.817 172.47
129.913 142.77 173.295
129.757 142.736 174.037
129.476 142.711 175.098
129.256 142.68 175.907
128.926 142.66 176.991
128.088 142.51 179.343
126.888 142.368 182.164
126.353 142.288 183.255
125.261 141.967 185.647
124.598 141.768 187.036
123.999 141.606 187.998

137.566 133.633 113.294
136.131 133.628 111.488
135.759 133.598 110.862
135.404 133.57 110.267
134.881 133.495 109.163
134.15 133.509 107.478
133.636 133.523 105.873
133.368 133.544 105.064
133.01 133.595 103.864
132.685 133.679 102.589
132.244 133.834 100.672
131.897 134.013 98.9006
131.701 134.139 97.7952
131.648 134.165 97.5438
131.469 134.316 96.407
131.348 134.456 95.4476
131.202 134.643 94.2253
130.995 134.92 92.4675
130.915 135.096 91.4794
130.797 135.327 90.1767
130.68 135.471 89.3444
130.589 135.609 88.5861
130.604 135.95 86.8884
130.405 136.23 85.3274

