124.847 84.4897 34.42
124.929 84.5022 34.5772
125.643 84.5831 35.8539
125.901 84.7885 37.7116

123.042 88.3776 54.5085
123.214 88.515 55.2484

194.212 110.69 160.864
193.643 111.415 161.304
192.833 112.434 161.934
192.446 112.91 162.239
191.02 114.77 163.445
191.85 115.854 164.196

65.8874 136.055 49.1372
66.6845 135.002 50.0835
66.8917 134.726 50.3257
68.0989 133.096 51.7116
69.0322 131.751 52.7607
70.0813 130.187 53.8771
70.8367 128.629 54.3381
71.6768 126.994 55.2105
72.1984 126.006 55.8317
72.5729 125.076 56.1057
73.9801 119.509 57.1376

78.071 158.086 59.845
78.1325 157.866 60.8743
78.2282 157.485 62.6068
78.3101 157.142 64.1188
78.3664 156.924 65.3104
78.392 156.826 65.8751
78.4147 156.996 67.9795

60.2039 155.341 71.6785
60.3399 155.33 72.5722
60.4304 155.324 73.1424
60.7675 155.323 75.1102
61.0034 155.266 77.2087
61.0796 155.278 78.0135
61.1706 155.428 79.4894
61.0173 156.758 81.4062

137.163 85.092 74.5876
137.006 85.1093 75.4299
136.791 85.1271 76.6176
136.37 85.1386 78.9678
136.104 85.3324 82.2544
136.513 85.7459 84.3486
136.749 85.9748 85.5818
136.82 86.2036 87.085
137.913 86.9824 90.8748

104.1 86.5675 70.8634
102.958 88.3178 71.4794
102.37 89.953 72.9031

59.6024 138.075 81.831
59.6619 138.109 81.8917
60.5798 138.655 82.7245
62.2433 139.653 84.0144
63.8185 140.449 84.9221
64.7391 140.795 85.3336
67.2101 141.299 86.6562

125.457 106.864 158.045
122.632 103.734 149.272

125.457 106.864 158.045
126.737 109.082 159.321
127.961 111.187 161.484
128.532 112.153 162.541
128.794 112.596 163.027
129.14 113.18 163.665
129.586 113.948 164.516
130.03 114.817 165.447
130.227 116.673 167.898

125.457 106.864 158.045
124.617 105.028 158.788
124.534 103.932 160.485
124.681 103.259 161.692
124.875 102.132 163.675
124.889 101.083 165.303
124.797 99.7985 167.085
124.613 98.9346 168.069
124.491 98.4369 168.659

84.9269 179.043 85.5297
84.9876 178.452 86.3632
85.1387 176.786 88.6976
85.222 175.019 91.0726
85.2864 173.549 93.0427
85.3214 172.774 94.0817
85.3519 172.048 95.0576
85.4086 170.568 97.0421
84.8833 168.875 99.1214
84.3757 167.435 100.86
83.7539 165.739 102.859
82.7873 163.469 105.302
81.7354 162.01 107.086
81.0079 160.186 108.87
78.5962 158.884 111.503

148.79 75.3299 87.1424
148.406 75.6382 87.7389
147.667 76.2275 88.8712
147.3 76.5477 89.5006
146.747 77.2283 90.9686
146.403 77.6623 91.9134
145.849 78.3654 93.4483
145.587 78.7011 94.1836
145.321 79.0457 94.943
144.671 80.0604 97.4016
144.557 80.7497 99.5844
144.551 81.1474 100.942
143.789 82.3533 103.716

61.0173 156.758 81.4062
60.0179 160.838 81.2346
59.3482 163.105 80.9458
58.9502 164.585 80.7231
58.9488 164.591 80.7222
58.947 164.597 80.721

61.0173 156.758 81.4062
61.5186 155.006 82.5176
61.7994 153.031 84.8869
63.3386 151.021 85.3607
64.6575 149.411 85.8313
66.0364 147.811 86.2995
68.073 144.339 87.0143
67.2101 141.299 86.6562

90.7024 140.89 85.4398
90.4432 141.064 85.4101
89.0715 141.99 85.2423
88.2669 142.511 85.1326
86.9446 143.145 84.862
85.5599 143.709 84.6407
82.6381 144.087 84.6342
80.3282 144.293 84.7584

142.957 87.784 89.5012
142.26 87.6998 89.5785
140.827 87.4643 89.6202
137.913 86.9824 90.8748

115.064 95.1406 94.0754
114.321 98.0252 95.5105

115.064 95.1406 94.0754
116.119 93.7546 97.1936
116.302 93.6433 97.997
116.924 93.3885 99.9499
117.469 93.0765 101.913
118.322 92.695 103.737
118.684 92.5415 104.437
119.342 92.1358 105.522
121.308 90.1466 110.362

115.064 95.1406 94.0754
114.826 94.7176 92.168
114.245 94.4389 88.7568
113.874 94.0078 86.2572
113.015 93.611 83.2099
112.247 93.2826 80.8076
108.779 92.0873 75.342

83.0616 116.469 101.194
83.0746 116.601 101.15
83.1327 117.256 100.923
83.2576 118.403 100.523
83.4035 119.602 100.087
83.7359 121.925 99.2861
83.2766 125.401 96.3324

60.1339 110.395 99.8877
60.0678 110.68 100.002
59.8273 111.751 100.435
59.5351 113.299 101.053
59.2226 114.997 101.732
58.9327 116.846 102.464
59.3508 118.136 103.057
60.5475 121.632 104.644
61.615 124.739 106.053
61.8904 125.528 106.403
62.4854 127.186 107.098
63.0756 128.838 107.795
63.7248 130.624 108.502
64.17 131.873 108.995
64.5734 133.253 109.473
64.0551 135.842 109.722
65.7557 138.894 109.509

90.3733 123.382 100.082
88.3308 124.128 99.6338
87.6055 124.725 99.4783
85.4958 125.715 98.3503
83.2766 125.401 96.3324

105.728 86.0623 102.144
105.763 86.9818 103.358
106.349 88.3762 105.107
106.883 89.5362 106.576
105.863 91.6136 109.516

59.0806 172.943 102.879
59.6145 172.107 103.97
60.5768 170.592 105.928
61.0244 169.905 106.777
61.5277 169.14 107.71
62.047 168.265 108.807
62.5938 167.02 110.478
65.2745 163.976 113.788

75.289 183.143 109.052
75.2835 182.848 109.515

123.214 88.515 55.2484
124.06 88.0184 53.2858
124.334 87.7243 52.0909
124.835 87.2365 50.1839
125.645 86.5985 48.0148

123.214 88.515 55.2484
121.99 89.1055 57.8561
121.431 89.3442 58.8862
119.522 90.1316 62.2955
118.835 90.4081 63.4899
117.418 90.9507 65.7539
116.89 91.1439 66.5483
112.438 92.2765 70.8728
110.461 92.2893 72.2288

88.1816 97.2536 110.696
89.0148 96.5852 110.893
89.856 95.9571 110.972
90.8048 95.2674 111.024
92.7994 92.9853 111.383

151.772 79.6779 129.217
151.394 80.3266 130.898
150.917 81.1439 133.018
150.324 82.2103 135.811
149.825 83.1552 138.307
149.436 83.9595 140.454
148.882 85.2101 143.79
148.467 86.28 146.761
148.289 87.0198 148.749
147.851 86.5095 151.619

49.9261 142.58 119.632
50.2884 142.488 119.362
51.4191 142.121 118.54
52.2455 141.411 117.977

65.3679 171.39 129.221
66.0789 171.467 128.962
66.4468 171.508 128.829
67.8691 171.683 128.31
69.7787 171.918 127.627
71.8539 172.404 126.74
76.4149 173.901 124.526

105.486 162.228 145.628
105.639 161.646 146.29
105.717 161.328 146.653
105.961 160.159 147.997
106.125 159.239 149.051
105.701 158.994 149.604
105.232 158.731 150.218
102.836 158.339 152.718

52.9788 155.622 146.398
54.2184 155.689 147.308

58.595 116.628 149.578
59.5359 117.068 150.013
60.6451 117.579 150.541
61.5376 117.98 150.973
62.7628 117.635 152.398

51.8804 157.179 146.412
53.4637 156.257 147.056
54.2184 155.689 147.308

46.6617 140.452 147.581
47.146 140.405 147.678
48.5185 140.264 147.956
50.9146 139.98 148.448
53.1244 139.685 148.946
55.5227 139.344 149.58
58.2477 138.93 150.348
60.6974 138.317 151.733
61.881 137.993 152.521
62.5414 137.793 152.983
64.3833 137.64 154.341
66.0255 137.624 155.595
69.3503 138.067 158.082

147.944 82.6213 150.006
147.867 83.5909 150.499
147.787 84.8522 151.226
147.851 86.5095 151.619

99.615 95.6746 147.363
99.1811 92.8 143.863
98.5766 91.8938 142.548
98.3313 91.5686 142.074
97.8069 90.9323 141.139
96.6192 89.517 139.041

99.615 95.6746 147.363
102.972 97.3308 149.452
104.724 97.7544 150.579

99.615 95.6746 147.363
96.1198 96.1695 147.903
95.0086 96.1916 147.91
93.1309 96.1242 147.756
91.1169 95.9514 147.36
88.2995 95.8544 146.527
86.8508 95.7558 145.991
85.4867 95.6793 145.513
81.8621 95.3218 144.064
80.0653 95.1249 143.33
78.6254 94.9421 142.705
78.1847 94.8804 142.515

90.5135 150.292 138.104
86.8999 147.594 131.34
85.7142 146.474 129.26
85.0025 145.966 127.84
83.4109 144.779 124.722
81.5923 143.393 121.457
80.619 142.64 119.533

90.5135 150.292 138.104
90.9449 156.055 135.739
91.046 156.754 135.604
91.003 159.158 134.818
90.9703 160.014 134.535
90.508 161.847 133.739
88.8763 164.418 132.233
88.0501 165.851 131.555
87.0119 167.71 130.646
85.5179 171.209 128.274

90.5135 150.292 138.104
91.7676 149.196 141.659
92.6349 148.853 143.849
94.066 148.192 147.703
94.401 146.989 152.587

117.221 76.2543 102.398
117.477 76.6777 103.125
118.17 77.7991 105.035
118.751 78.9295 106.95
119.366 80.2807 109.132
119.813 81.2675 110.718
120.326 82.4553 112.487
120.452 84.0333 114.02
120.492 84.7095 114.356
120.903 88.3144 116.109

54.2184 155.689 147.308
57.0426 154.63 149.221
58.5487 153.913 149.791
59.8621 153.294 150.305
60.9499 152.784 150.755
61.8698 152.348 151.137
62.8903 151.86 151.561
64.4202 151.129 152.209
66.049 150.344 152.905
68.2328 149.278 153.867
70.8738 147.886 155.079
75.1578 146.144 156.294

122.632 103.734 149.272
117.694 103.487 151.503

122.632 103.734 149.272
123.145 102.933 146.461
123.447 102.248 144.325
123.82 101.861 142.852
124.038 101.061 140.313
124.281 100.052 137.138
124.09 99.1014 134.701
123.87 98.2222 132.421
123.533 97.3655 130.079
123.059 96.2007 126.885
122.742 95.3799 124.62
122.636 94.6555 123.085
122.51 94.0483 121.798
122.185 93.2856 120.15
121.861 92.5243 118.589
120.903 88.3144 116.109

118.701 106.065 155.053
117.694 103.487 151.503

64.4974 164.956 157.59
64.5156 164.946 157.598
65.0859 164.625 157.85
66.3986 163.876 158.422
67.6684 162.831 158.559
69.0688 161.62 158.644
70.9686 159.96 158.75
72.4147 158.653 158.796
74.1191 157.101 158.843
76.2692 154.908 158.734
77.8233 153.315 158.644
77.9301 152.355 158.274
77.9222 151.356 157.794
77.5416 150.202 157.441
75.1578 146.144 156.294

117.694 103.487 151.503
115.42 103.032 151.971
113.722 102.385 151.522
112.305 101.886 151.08
110.468 101.446 150.166

201.848 162.011 83.8723
201.124 161.121 84.8928
200.194 160.251 87.0208

67.0005 130.345 158.177
72.0285 129.975 162.498
73.639 127.635 164.847
74.6077 125.423 166.914
77.3838 122.734 169.568

67.0005 130.345 158.177
63.0468 129.398 156.51
62.0203 129.257 156.478
61.0808 129.26 156.412
59.0677 129.253 156.27
58.1169 129.26 156.256
57.6527 129.276 156.318
57.024 129.303 156.48

67.0005 130.345 158.177
66.4227 127.289 156.419
66.3024 125.243 155.531
65.3908 121.006 153.687
62.7628 117.635 152.398

67.0005 130.345 158.177
69.3503 138.067 158.082

95.6139 165.986 154.885
96.3134 165.368 154.77
97.102 164.67 154.642
98.8221 163.138 154.372
99.7056 161.844 154.137
100.648 160.434 153.897
102.836 158.339 152.718

219.934 113.058 162.207
218.951 113.721 162.473
216.507 115.078 163.08
213.201 115.421 163.34
211.098 115.528 163.466
209.969 115.582 163.532
209.625 115.598 163.552
208.593 115.644 163.61
207.315 115.7 163.682
206.195 115.747 163.743
204.462 115.814 163.836
203.275 115.857 163.897
201.767 115.91 163.975
199.614 115.981 164.081
197.699 116.042 164.174
195.356 116.063 164.251
191.85 115.854 164.196

153.62 112.901 167.546
157.111 113.414 167.089

153.62 112.901 167.546
149.791 109.724 169.376
149.438 108.554 169.871
149.286 108.163 169.813
147.6 103.59 168.988

153.62 112.901 167.546
149.915 115.226 166.531
147.437 116.318 166.089
145.268 117.172 165.542
142.772 118.189 164.888
141.038 119.129 164.274
139.629 119.958 163.805
137.462 121.764 162.517

113.148 122.841 173.304
111.953 122.8 173.804

113.148 122.841 173.304
115.304 123.432 172.989
116.774 123.932 172.879
118.334 124.481 172.781
119.206 124.788 172.726
121.121 125.456 172.597
123.168 126.268 172.627
124.975 126.993 172.69
125.924 127.377 172.74

113.148 122.841 173.304
111.797 122.127 173.146
109.777 121.373 173.237
107.475 120.518 173.343
106.354 120.102 173.396
104.263 119.326 173.493
100.703 118.019 173.664
98.6779 117.373 173.819
96.9282 117.471 173.852
96.1139 117.51 173.868
94.6261 117.581 173.896
92.7821 117.672 173.929
84.9554 118.093 174.051
83.5101 119.082 173.103
82.7744 119.619 172.59
81.9479 120.223 172.012
81.2223 120.752 171.503
80.35 121.406 170.873
79.2821 121.689 170.595
77.3838 122.734 169.568

169.647 103.832 166.361
167.651 106.343 166.082
166.241 108.065 166.461
164.779 109.874 166.659
166.755 112.973 165.526

169.647 103.832 166.361
170.795 103.121 169.698
171.284 102.76 170.868
172.046 102.205 172.538
172.624 101.834 173.708
173.386 101.603 174.246

169.647 103.832 166.361
170.013 102.384 162.458
170.805 100.589 159.464
171.825 98.2257 155.406
173.033 95.8115 151.423
174.218 93.5197 147.414
174.691 92.399 145.017
175.121 91.4092 142.871
175.981 89.5399 138.873
177.245 88.2945 136.794
178.653 86.4597 133.523

144.878 102.899 174.575
145.926 102.852 172.102
147.6 103.59 168.988

157.111 113.414 167.089
155.956 112.376 164.095
155.767 110.934 161.429
155.805 110.262 160.268

157.111 113.414 167.089
159.262 113.363 166.721
160.313 113.329 166.517
161.797 113.25 166.285
163.174 113.143 166.082
166.755 112.973 165.526

86.4552 138.786 182.726
86.6826 138.82 182.694
88.0337 138.451 182.615
89.1041 139.051 182.228
90.7668 139.753 181.623
91.568 140.136 181.318
97.8852 142.007 177.897

76.4149 173.901 124.526
73.0052 175.991 122.067
73.7819 178.355 118.272

76.4149 173.901 124.526
80.6521 172.429 126.21
82.1857 172.136 126.748
85.5179 171.209 128.274

110.468 101.446 150.166
109.014 102.08 148.018

110.468 101.446 150.166
108.398 100.169 150.271
107.086 99.2783 150.439
104.724 97.7544 150.579

183.805 83.5312 107.034
182.672 83.9233 110.921
181.76 84.2278 113.572
180.878 84.5326 116.585
180.129 84.7947 119.226
179.648 84.9788 120.996
179.245 85.1445 122.486
178.704 85.2489 123.758
177.811 84.9822 124.699
177.024 84.7271 125.434
176.097 84.5352 126.866

183.805 83.5312 107.034
184.724 83.2719 106.16
185.453 83.0613 105.256

183.805 83.5312 107.034
183.315 83.597 104.329
183.147 83.6126 103.086
183.19 83.5729 101.808
183.235 83.5298 100.405

85.8789 90.414 113.068
88.1286 90.9798 112.686
89.6339 91.5392 112.316
90.8942 92.0501 111.967
92.7994 92.9853 111.383

62.2229 140.746 166.423
62.5428 140.75 166.295
63.8134 140.762 165.756
65.5329 140.774 165.02
69.1583 140.775 163.383
70.4663 140.718 162.331
71.0564 140.71 161.605
70.9685 140.637 160.562
70.8593 140.397 158.559

214.075 90.4427 105.451
213.86 91.0083 107.619
213.646 91.4771 109.374
212.969 92.0581 110.811
212.249 92.6467 112.194
211.869 92.9524 112.903
209.612 94.7392 117.003
208.035 95.9874 119.867
206.526 97.1813 122.605
205.428 98.051 124.601
203.941 99.2284 127.302
202.409 100.433 130.056
200.388 102.067 133.851

137.098 134.09 147.622
134.623 132.853 151.31

137.098 134.09 147.622
137.85 134.9 145.148
138.546 135.479 143.226
139.225 136.045 140.711
140.361 136.347 136.975
140.855 136.477 135.356
141.22 136.573 134.162
141.909 136.728 131.841
142.705 136.625 128.71
143.103 136.566 127.024
143.411 136.52 125.714
143.8 136.461 124.044
144.272 136.368 121.207
144.838 136.232 116.982
145.098 136.164 114.943
145.202 136.135 114.091
145.533 136.058 111.62
146.238 136.047 108.485
146.539 136.052 107.311
146.75 136.038 106.242
147.794 136.206 104.565
149.71 136.551 102.057
151.631 136.917 100.099
152.834 137.101 97.8628

137.098 134.09 147.622
140.206 132.06 152.686
141.508 132.159 152.541
142.919 131.961 153.077
143.337 131.665 153.163
145.583 128.927 152.801
147.056 126.976 152.362
147.975 125.733 152.035
148.881 124.505 151.68
150.002 122.957 151.274
151.344 121.712 150.116
153.14 120.126 148.511
154.545 119.009 147.154

94.401 146.989 152.587
98.2275 147.032 153.527
100.515 147.028 154.956

94.401 146.989 152.587
91.9812 146.575 153.567
90.6046 146.36 154.346
87.6461 146.343 154.728
86.6685 146.277 154.882
80.5806 146.487 155.935
75.1578 146.144 156.294

93.6349 150.686 107.521
93.5741 150.643 107.536
92.6802 150.014 107.735
90.3461 148.391 108.194
87.7417 146.639 108.314
82.5022 143.212 108.495
78.7852 141.901 110.422

100.531 94.6789 33.5643
100.353 95.0535 35.6746
100.311 95.1391 36.1734
100.179 95.3463 37.0777
100.162 95.4491 38.2798
99.7832 95.5787 39.87
98.4802 95.8123 42.5902

72.8208 105.14 35.2123
72.7628 105.807 36.1948
72.6135 107.594 38.8184
72.5596 109.027 40.8303
72.5508 111.297 43.9262
72.6056 111.86 44.388
72.6875 112.526 45
72.736 113.612 45.5606
72.7807 115.338 46.39
72.8152 116.523 47.0159
72.8121 119.169 47.7203

127.503 83.8366 36.4597
125.901 84.7885 37.7116

93.2669 95.8549 42.5271
94.2488 95.8892 42.9568
98.4802 95.8123 42.5902

147.851 86.5095 151.619
147.95 89.3227 153.319
147.881 90.539 154.9
147.851 92.4524 156.779
147.804 94.2277 158.692
147.798 94.412 158.898
147.778 95.1611 159.731
147.757 95.9829 160.639
147.744 96.7291 161.452
147.728 97.8233 162.635
147.686 99.6101 164.613
147.6 103.59 168.988

73.4588 110.468 60.4054
73.8005 111.867 60.4663
74.2254 116.638 58.7871
73.9801 119.509 57.1376

80.0347 128.548 125.692
79.6636 129.345 125.723
79.2256 130.962 125.236
77.3069 131.484 124.371

53.1627 149.63 106.66
54.3526 148.384 107.549
55.3439 147.353 108.228
56.7029 145.936 109.141
58.0363 144.486 109.819
60.2184 141.923 110.96

96.051 182.453 114.395
95.8722 181.658 114.877
95.5631 180.898 115.463
95.221 179.989 116.198
94.5418 178.171 117.661
94.1405 177.03 118.525
93.3338 175.4 119.843

201.409 161.651 87.2789
200.194 160.251 87.0208

52.2455 141.411 117.977
55.2916 141.535 115.95
56.7823 141.5 114.945
60.2184 141.923 110.96

52.2455 141.411 117.977
51.0541 140.335 118.923
50.5032 139.992 119.338
50.1404 139.782 119.608

83.033 178.113 134.072
83.568 176.122 133.049
83.7573 175.436 132.675
83.9421 174.715 132.264
84.2232 173.744 131.678
84.4189 173.074 131.199
84.6744 172.327 130.77
85.5179 171.209 128.274

54.6579 116.021 125.201
55.9795 116.287 125.151
57.1855 116.563 125.111
59.4458 117.38 125.062
63.2676 118.529 124.945

62.6789 113.824 154.732
62.9124 115.255 153.96
62.7628 117.635 152.398

103.424 139.242 164.383
101.803 141.887 161.722
101.136 142.794 160.754
101.369 143.464 159.673
100.515 147.028 154.956

181.919 113.747 160.026
183.167 115.827 163.453
183.837 116.927 164.886
187.954 117.175 165.248
189.649 116.67 164.845
191.85 115.854 164.196

181.919 113.747 160.026
175.277 114.133 162.987
173.927 114.074 163.36
170.51 114.013 164.447
168.158 113.647 165.115
166.755 112.973 165.526

181.919 113.747 160.026
184.289 112.924 157.704
185.314 111.936 155.535
186.055 111.229 153.98
186.655 110.968 153.298
187.594 110.624 152.351
188.453 110.213 151.365
189.325 109.697 150.242
189.968 109.302 149.392
190.524 108.95 148.637
191.124 108.562 147.808
192.145 107.887 146.369
192.981 107.322 145.167
193.935 106.676 143.794
194.407 106.355 143.111
195.09 105.885 142.109
195.806 105.389 141.054
196.937 104.584 139.323
198.614 103.35 136.622
200.388 102.067 133.851

124.018 117.11 176.88
124.776 117.435 176.679
126.384 118.116 176.214
127.229 118.318 175.476
127.71 118.401 174.968
128.481 118.313 173.777
129.285 118.213 172.479
130.227 116.673 167.898

72.8121 119.169 47.7203
72.5342 121.663 45.6542
72.4665 121.793 44.106
72.3487 122.123 43.165
72.1927 122.505 41.9108
72.1556 122.598 41.6129
72.0415 122.878 40.7008
71.8382 123.378 39.0778
71.5627 124.111 36.8786
71.1584 125.81 33.6384
71.0324 126.556 32.5039

72.8121 119.169 47.7203
73.2291 119.406 51.4996
73.9801 119.509 57.1376

134.623 132.853 151.31
133.954 129.566 155.945
134.209 128.131 157.348
134.428 126.48 158.935
135.042 124.917 160.126
135.427 123.843 160.935
137.462 121.764 162.517

134.623 132.853 151.31
132.381 133.243 152.498
130.198 133.269 154.174
128.142 133.489 155.507
125.215 134.943 155.871
123.636 135.754 156.034
122.364 136.328 156.274
121.335 136.793 156.467
120.322 137.251 156.657
119.315 137.706 156.846
117.81 138.387 157.133
114.438 139.91 157.771
113.287 140.442 158.036
111.115 141.497 158.904
108.582 142.76 159.536

138.162 138.601 9.71481
139.196 137.043 17.2367
140.009 135.837 23.3368
140.225 135.518 24.9814
140.494 135.121 27.0234
140.704 134.811 28.6256
140.95 134.446 30.4981
141.365 133.834 33.6622
141.665 133.403 36.3515
141.873 133.115 38.5699
141.973 132.977 39.6369
142.103 132.797 41.0426
142.246 132.598 42.5289
142.504 132.277 46.0637
142.733 132.034 49.9747
142.825 131.937 51.5179
142.906 131.851 52.8913
143.052 131.702 55.165
143.173 131.575 57.1548
143.194 131.693 59.6412
143.151 131.824 61.5241
143.134 131.928 63.073
143.083 132.098 65.6293
142.991 132.436 70.5731
142.816 132.695 73.3165
142.2 132.875 75.0686
141.329 133.133 77.5512
139.671 133.2 79.1787

130.218 84.4908 44.9766
129.854 84.658 44.9649
125.645 86.5985 48.0148

125.645 86.5985 48.0148
125.525 86.1982 45.3974
125.6 85.9339 43.9746
125.72 85.6376 42.4654
125.901 84.7885 37.7116

99.134 98.6006 58.3369
100.866 96.8182 55.5209

77.5689 162.766 66.1985
77.6291 162.511 66.347
77.7696 161.54 66.8938
77.8554 160.992 67.1833
78.0001 160.011 67.6884
78.4147 156.996 67.9795

86.2866 91.5121 71.941
87.0984 91.4126 72.2989
89.4314 91.1494 73.3702
92.0223 90.9428 74.8762
95.0145 90.8691 74.3417
96.611 90.8302 74.0764
97.9104 90.7819 73.8512
99.0862 90.4824 73.5335
102.37 89.953 72.9031

71.6117 104.63 83.3448
70.9731 106.201 83.0274
70.1649 108.405 82.6446
69.5535 110.538 82.3844
68.9269 113.019 82.1301
69.8552 114.587 82.7025
71.1654 117.024 83.5028
72.3494 118.96 84.1649
73.4834 120.613 84.7469
74.3676 121.51 85.1141
75.6483 122.63 85.5455
76.9758 123.252 85.142
81.7039 124.026 85

75.5857 183.215 108.611
75.5789 183.197 108.646
75.5652 183.162 108.713
75.2835 182.848 109.515

56.2777 165.156 116.875
57.2439 165.052 116.564
57.4957 165.022 116.484
58.7704 164.867 116.073
59.8366 164.761 115.674
60.7432 164.905 114.922
65.2745 163.976 113.788

59.7953 104.835 123.029
60.1185 106.612 123.226
60.5099 108.413 123.502
61.7244 113.687 124.33
63.2676 118.529 124.945

117.575 84.4393 120.476
118.145 84.8318 120.289
118.938 85.617 118.995
120.903 88.3144 116.109

191.646 82.1407 128.141
189.874 82.6614 129.423
186.81 83.5814 131.57
185.567 84.1305 132.33
183.662 85.1007 133.383
181.529 86.1133 134.35
178.653 86.4597 133.523

67.7233 179.217 121.751
68.5052 178.942 121.484
69.2559 178.643 121.33
70.3307 178.241 121.163
73.7819 178.355 118.272

104.419 96.1337 153.083
104.417 96.2148 152.916
104.724 97.7544 150.579

70.6218 115.037 175.9
70.6411 115.096 175.875
71.0189 116.138 175.328
71.2814 116.84 174.941
71.6723 117.852 174.326
73.2648 119.515 172.736
74.0039 120.279 172.003
74.348 120.709 171.584
74.8063 121.81 170.495
77.3838 122.734 169.568

95.606 142.97 180.448
97.8852 142.007 177.897

121.984 132.135 69.8458
123.096 132.005 71.3436
124.699 131.96 72.8582
125.351 131.947 73.4661
126.282 131.932 74.335
128.913 131.996 76.5196
130.561 132.163 77.5723
133.032 132.505 78.6017
134.6 132.726 79.2376
135.927 132.879 79.4344
139.671 133.2 79.1787

63.2676 118.529 124.945
66.8928 121.8 125.14
68.4283 123.11 125.203
70.0249 124.546 125.255
70.2913 124.799 125.256
71.8896 126.336 125.242
73.1014 127.529 125.174
74.0631 128.488 125.103
75.1523 129.933 124.598
77.3069 131.484 124.371

102.836 158.339 152.718
102.383 156.439 153.586
102.148 151.2 154.516
100.515 147.028 154.956

93.3338 175.4 119.843
96.3426 172.993 118.861
97.6247 172.439 118.114
98.4465 172.205 117.616

93.3338 175.4 119.843
92.6589 175.112 120.445
91.7177 174.356 121.451
89.5162 172.455 123.98
85.5179 171.209 128.274

92.7994 92.9853 111.383
95.8883 92.7141 110.964
97.9353 92.552 110.668
99.1637 92.414 110.501
100.643 92.2564 110.305
105.863 91.6136 109.516

204.379 99.5227 128.948
200.388 102.067 133.851

83.2766 125.401 96.3324
80.7928 130.01 97.0484
79.7561 131.935 98.2504
79.5274 132.399 98.4313
78.913 133.681 98.9454
77.7852 136.307 100.615

83.2766 125.401 96.3324
81.962 125.383 89.8166
81.7039 124.026 85

60.2184 141.923 110.96
65.7557 138.894 109.509

102.37 89.953 72.9031
105.116 90.7493 73.5158
105.86 91.0468 73.7937
108.779 92.0873 75.342

78.4147 156.996 67.9795
78.6679 155.523 70.3109
78.8451 154.547 72.2847
78.9555 153.887 73.1561
79.0495 153.323 73.8664
79.1491 152.743 74.5967
79.3014 151.856 75.7108
79.4575 151.311 76.3675
79.7234 150.331 77.4993
80.1313 148.875 79.1721
80.3282 144.293 84.7584

139.671 133.2 79.1787
141.156 133.657 81.4758
141.584 133.79 82.145
141.94 133.914 82.7939
142.398 134.066 83.5873
143.671 134.419 85.2669
144.723 134.715 86.6897
145.903 135.06 88.3537
147.384 135.497 90.4895
148.417 135.804 92.0152
149.255 136.051 93.1952
151.082 136.571 95.2191
152.834 137.101 97.8628

78.5962 158.884 111.503
75.8372 160.375 112.438
73.876 160.721 113.486
71.4088 161.302 114.376
67.4892 163.144 113.842
65.2745 163.976 113.788

78.5962 158.884 111.503
80.1904 153.948 113.773
80.4862 151.972 114.928
80.7639 150.556 115.736
80.8499 148.33 116.299
80.3308 145.31 115.445

121.308 90.1466 110.362
115.522 91.7707 111.272
111.353 91.5936 109.642
105.863 91.6136 109.516

121.308 90.1466 110.362
128.016 88.9504 106.464
129.03 88.6759 105.818
130.262 88.3392 105.092
131.722 87.8825 104.212
136.177 85.8858 102.65

121.308 90.1466 110.362
120.903 88.3144 116.109

200.194 160.251 87.0208
197.122 156.859 88.0642
195.462 155.071 88.9655
194.69 154.269 89.4532
193.926 153.499 89.9147
193.239 152.832 90.3166
192.326 151.98 90.8258
191.207 150.939 91.4489
190.286 150.111 91.9389
188.286 148.416 92.9241
186.582 147.054 93.7021
185.27 146.095 94.2338
183.078 145.393 94.8614
181.254 144.844 95.3606
180.035 144.48 95.6921
177.285 143.664 96.4358
175.813 143.235 96.8293
174.181 142.764 97.2618
171.843 142.103 97.8707
170.148 141.629 98.3073
165.931 140.47 99.3846
161.92 139.38 100.143
160.714 139.054 99.69
159.037 138.618 99.0589
156.994 138.113 98.5701
155.215 137.665 97.9346
152.834 137.101 97.8628

77.3069 131.484 124.371
77.8011 136.842 119.925
78.6694 138.726 119.642
80.619 142.64 119.533

80.3308 145.31 115.445
78.7852 141.901 110.422

80.3308 145.31 115.445
80.1472 142.876 117.329
80.619 142.64 119.533

178.653 86.4597 133.523
176.858 85.7053 130.906
175.88 84.7912 128.761
176.097 84.5352 126.866

67.2101 141.299 86.6562
73.9272 140.856 90.4568

137.913 86.9824 90.8748
136.676 87.0994 93.6931
135.142 87.0835 96.0474
134.246 87.1896 98.4681
136.177 85.8858 102.65

78.7852 141.901 110.422
76.3985 139.181 106.35

75.2835 182.848 109.515
75.1767 182.295 110.575
74.9107 181.426 112.338
74.5579 180.158 114.885
73.7819 178.355 118.272

100.866 96.8182 55.5209
103.523 95.5641 59.8603
104.308 95.2298 61.3552
104.733 95.036 62.0998
105.013 94.9114 62.6383
106.451 94.2613 65.4832
107.404 93.8369 66.9428
108.241 93.4638 68.1883
109.118 93.0328 69.8205
110.461 92.2893 72.2288

100.866 96.8182 55.5209
100.482 96.3446 51.1849
100.086 96.2835 49.1402
99.7205 96.234 47.7864
98.4802 95.8123 42.5902

97.8852 142.007 177.897
100.871 142.517 175.978
102.611 142.864 174.9
104.725 143.29 173.588
105.706 143.415 172.755
106.169 143.471 172.33
107.164 143.594 171.179
108.816 143.77 169.608
107.08 143.438 161.908
108.582 142.76 159.536

65.7557 138.894 109.509
68.5713 139.132 108.973
69.9468 139.2 108.555
76.3985 139.181 106.35

143.789 82.3533 103.716
147.069 81.3156 106.068
147.936 81.1058 106.859
149.228 80.8158 108.041
149.897 80.6672 108.657
151.652 80.2673 110.152
154.164 79.8105 111.524
156.897 79.359 113.066
160.592 78.9805 115.411
163.282 78.8926 117.329
164.072 78.9211 117.954
167.681 79.8606 121.603
171.169 81.5775 125.86
172.087 82.3002 126.498
173.057 83.0278 126.968
176.097 84.5352 126.866

143.789 82.3533 103.716
140.925 83.5917 102.805
139.854 84.1147 102.719
138.756 84.6463 102.675
136.177 85.8858 102.65

108.779 92.0873 75.342
110.461 92.2893 72.2288

69.3503 138.067 158.082
70.8593 140.397 158.559

73.9272 140.856 90.4568
78.2128 142.331 87.8051
80.3282 144.293 84.7584

73.9272 140.856 90.4568
75.3867 139.578 93.3638
75.7 138.444 95.7412
75.8338 138.202 96.3378
77.7852 136.307 100.615

83.2234 120.801 76.5165
82.4246 120.156 73.4506
80.677 121.173 72.1018
80.3677 121.269 71.673
79.4916 121.559 70.4854
78.3154 121.628 67.8343
77.5388 121.724 66.1089
76.9422 121.792 64.793
76.4322 121.994 63.6542
75.8873 121.971 62.4044
75.4683 121.981 61.4311
74.7801 122.032 59.782
73.9801 119.509 57.1376

83.2234 120.801 76.5165
82.2348 122.635 80.8777
82.0259 122.962 81.7245
81.7039 124.026 85

83.2234 120.801 76.5165
85.9082 120.537 79.1001
87.9279 119.848 79.4764
90.9187 118.57 78.7805
92.1933 118.14 78.8521
93.1586 117.814 78.9335

130.227 116.673 167.898
133.124 119.598 166.151
134.296 120.499 164.837
137.462 121.764 162.517

108.582 142.76 159.536
105.886 144.329 157.561
104.232 145.167 156.896
100.515 147.028 154.956

77.7852 136.307 100.615
77.4771 137.823 103.34
76.3985 139.181 106.35

70.8593 140.397 158.559
71.7459 141.746 157.883
72.7059 143.232 157.281
75.1578 146.144 156.294

