1.05215 0.418282 0.0543257
1.05676 0.482531 0.0206093
1.04546 0.563508 -0.0165116
1.04813 0.653777 -0.0435867
1.04777 0.748117 -0.0499899
1.05461 0.915737 -0.026651
1.06727 1.10569 0.011366
1.07493 1.20052 0.0344886
1.08176 1.26999 0.0571287
1.09057 1.35504 0.0876356
1.09816 1.42679 0.115684
1.10249 1.46761 0.133395
1.11137 1.55378 0.173391
1.12313 1.68099 0.235465
1.13154 1.79121 0.288037
1.1346 1.93689 0.353175
1.13843 2.08643 0.421268
1.13025 2.19145 0.458744
1.10895 2.32314 0.497176
1.05823 2.51096 0.536325
0.95589 2.66337 0.522517
0.910313 2.73581 0.519477
0.861399 2.81189 0.515134
0.796987 2.91198 0.509291
0.732453 3.00994 0.501906
0.644524 3.12624 0.499748
0.550059 3.24879 0.497806
0.485736 3.33179 0.499059
0.390909 3.44223 0.50738
0.285476 3.55795 0.508224
0.252363 3.59285 0.504135
0.209423 3.63687 0.496418
0.116879 3.66881 0.527309
0.000280438 3.71291 0.586766

1.05215 0.418282 0.0543257
1.17476 0.28425 0.0746657

1.05215 0.418282 0.0543257
0.958609 0.411959 0.0999304
0.926222 0.4097 0.134409
0.895469 0.427108 0.183609
0.862625 0.451856 0.25995
0.82358 0.49029 0.360597
0.812012 0.511764 0.404164
0.817966 0.553136 0.453986
0.820035 0.598125 0.518132
0.821901 0.645829 0.587033
0.821298 0.670646 0.632099
0.821252 0.686671 0.684689
0.821767 0.682523 0.744803
0.821297 0.665958 0.803958
0.821022 0.635039 0.861628
0.820728 0.595001 0.913064
0.820607 0.559274 0.947278
0.820544 0.556166 0.949693

1.25105 2.78279 3.75357
1.12685 2.79367 3.79289
0.994572 2.7344 3.87456
0.959727 2.62556 3.91218
0.939409 2.52852 3.9305
0.938007 2.51748 3.93204
0.922986 2.41466 3.93632
0.912776 2.32233 3.92958
0.905306 2.24404 3.91596
0.900926 2.17648 3.8985
0.890373 2.11797 3.87353
0.891597 2.03627 3.82778
0.885174 1.99589 3.77848
0.869171 1.92847 3.70244

1.25105 2.78279 3.75357
1.28558 2.65987 3.85215
1.31425 2.56433 3.87695
1.32044 2.54342 3.88296
1.34369 2.46328 3.90149
1.3607 2.3552 3.90805
1.37386 2.26042 3.90183
1.3781 2.17761 3.88817
1.37819 2.10348 3.86996
1.37297 2.0557 3.8525
1.36562 2.01123 3.83276
1.36297 1.97001 3.80742
1.35581 1.94007 3.76857

1.25105 2.78279 3.75357
1.38483 2.74451 3.67614
1.50431 2.66422 3.63432
1.54039 2.57775 3.60697
1.54416 2.56642 3.60343
1.55611 2.47731 3.57025
1.54953 2.39521 3.53011
1.52838 2.32765 3.48937
1.50097 2.27883 3.45436
1.45119 2.22976 3.4005
1.355 2.19608 3.27328

1.25105 2.78279 3.75357
1.18733 2.86461 3.69423
1.18012 2.92206 3.63314
1.1665 2.95933 3.5756
1.15036 2.98747 3.51685
1.13285 3.00287 3.45311
1.11647 3.00947 3.39502
1.10103 3.01217 3.34473
1.05903 3.01943 3.17864
1.02634 2.97793 3.04536
0.987259 2.93437 2.88197
0.963532 2.91123 2.78715
0.933353 2.92505 2.697
0.923163 2.93028 2.66711
0.901693 2.94757 2.61372
0.88325 2.96741 2.57583
0.857906 3.02088 2.56886
0.805495 3.12399 2.5453
0.746453 3.24021 2.53299
0.666638 3.39088 2.53034
0.585203 3.50141 2.5191
0.530613 3.56479 2.50723
0.392286 3.72471 2.47859
0.303008 3.81229 2.42954
0.267539 3.84177 2.39677
0.20977 3.88122 2.36069
0.0842849 3.96598 2.21038

0.000280438 3.71291 0.586766
-0.0136064 3.77383 0.708103
-0.00465421 3.85767 0.875501
0.000604301 3.88252 0.928965
0.0101992 3.92689 1.02844
0.0118633 3.94917 1.12921
0.0122051 3.98382 1.3204
0.0121517 3.99279 1.37099
0.0117733 4.01533 1.5215
0.0111908 4.02907 1.62427
0.0124852 4.03319 1.70964
0.0185166 4.02906 1.80783
0.0248203 4.02466 1.94305
0.0842849 3.96598 2.21038

0.000280438 3.71291 0.586766
-0.0728937 3.69738 0.478725

-0.0728937 3.69738 0.478725
-0.0596486 3.74111 0.381486
-0.0528602 3.76329 0.332812
-0.0404395 3.79976 0.237697
-0.0282631 3.85301 0.105002
-0.0228103 3.87581 0.0167269
-0.0156124 3.89785 -0.0388399
-0.00903515 3.93519 -0.202829
-0.00593059 3.95376 -0.34139
-0.00593923 3.96013 -0.382208
-0.00559007 3.9717 -0.464787
-0.00542956 3.98682 -0.576758
-0.00177255 4.0048 -0.702755
-8.83777e-05 4.01092 -0.806996
-0.000358455 4.0208 -0.923048
-0.000358508 4.03957 -1.07145
-0.000478541 4.06838 -1.26018
-0.000549318 4.10152 -1.47955
-0.000720389 4.13842 -1.72735
-0.00077423 4.18195 -2.00404
-0.000813741 4.20555 -2.14225
-0.000819793 4.21623 -2.19637
-0.000833105 4.23219 -2.27783
-0.000852343 4.25697 -2.40064
-0.000888 4.29267 -2.57614
-0.000681511 4.31985 -2.71054
-0.000685992 4.36735 -2.87375
-0.000751494 4.39448 -2.9647
-0.000851735 4.41994 -3.04987
-0.000915617 4.43622 -3.10406
-0.000997978 4.458 -3.17555
-0.00112476 4.49514 -3.28554
-0.00123947 4.52912 -3.38615
-0.00137338 4.56776 -3.5
-0.00158658 4.62212 -3.6516
-0.00180415 4.67742 -3.80561
-0.0026174 4.87013 -4.32528
-0.0028529 4.94054 -4.51381
-0.00306999 5.15936 -5.09885
-0.00210403 5.24173 -5.39482
-0.00141864 5.30628 -5.76473
-0.00110447 5.33359 -6.13536
-0.00136008 5.33748 -6.47693
-0.00083267 5.31305 -6.81417
-0.000780897 5.25495 -7.21169
-0.000630483 5.18367 -7.54141
-0.000128597 5.0761 -7.90003
-0.000505232 4.92135 -8.30043
-0.000463205 4.76838 -8.65445
-0.000372845 4.76317 -8.66646
-0.000285245 4.69151 -8.8235
-0.000182908 4.67119 -8.86647
-0.000176937 4.66947 -8.87009
-0.000168975 4.66822 -8.8729

-0.0728937 3.69738 0.478725
-0.118922 3.65779 0.500065
-0.164138 3.62939 0.494734
-0.225533 3.58629 0.494699
-0.338667 3.48519 0.472437
-0.394849 3.42331 0.484424
-0.466117 3.3402 0.486813
-0.581492 3.20506 0.500052
-0.658689 3.11539 0.506941
-0.714151 3.04028 0.513375
-0.779022 2.94499 0.520207
-0.829244 2.87173 0.526486
-0.918344 2.71773 0.527436
-1.03752 2.45111 0.500553
-1.07863 2.35532 0.490399
-1.09489 2.31528 0.485718
-1.12283 2.2438 0.477998
-1.13983 2.06704 0.417504
-1.14121 1.94457 0.366851
-1.12932 1.79065 0.294456
-1.11863 1.65751 0.231159
-1.11366 1.59615 0.201919
-1.10818 1.52908 0.169865
-1.10298 1.46625 0.140412
-1.09844 1.42341 0.121568
-1.08227 1.26826 0.0660983
-1.06527 1.08205 0.013893
-1.05528 0.94416 -0.00975516
-1.05005 0.870791 -0.022152
-1.04306 0.746619 -0.0427967
-1.04152 0.650875 -0.03753
-1.03995 0.559985 -0.0123322
-1.04444 0.474135 0.0295881

-0.00650413 6.42385 6.35692
-0.00871864 6.43284 6.32534
-0.00343946 6.44598 6.274
-0.00285376 6.45576 6.2355
-0.000285436 6.48396 6.12446
-0.00217712 6.50081 6.03684
-0.00330827 6.51527 5.9574
-0.0077102 6.53481 5.83461
-0.0104797 6.55362 5.71494
-0.0152965 6.55894 5.64777
-0.0139822 6.55151 5.56621
-0.0128078 6.54574 5.50625
-0.0124216 6.53285 5.37754
-0.014912 6.52196 5.28543
-0.0235435 6.50498 5.21167
-0.0224958 6.45236 5.13617
-0.0189102 6.399 5.06233
-0.0155388 6.34487 4.99471
-0.0144013 6.29082 4.94144
-0.0137314 6.25572 4.91506
-0.0108735 6.20056 4.89807
-0.0100492 6.0879 4.86552

-0.0174117 5.07652 5.90593
-0.00890419 5.14202 5.79455
-0.00866112 5.19709 5.69614
-0.0081424 5.23808 5.62444
-0.00767657 5.26643 5.57656
-0.00362227 5.32945 5.47575
-0.00629329 5.39295 5.3997
-0.00880936 5.46965 5.30978
-0.0108298 5.52528 5.24784
-0.0116101 5.57401 5.1864
-0.0161053 5.71154 5.0749
-0.0150228 5.7371 5.05312
-0.016705 5.84638 4.96823
-0.0130087 5.92578 4.91435
-0.0132614 5.94339 4.91117
-0.0119164 5.97944 4.88599
-0.0100492 6.0879 4.86552

-1.22638 0.216159 0.113943
-1.36094 0.182749 0.0842254
-1.40542 0.157289 0.0966619
-1.49899 0.108171 0.126159
-1.56435 0.0753633 0.147874
-1.61225 0.0521754 0.164589
-1.71614 0.0034367 0.207879
-1.81577 -0.0327209 0.306115
-1.88139 -0.0641211 0.383612
-1.92784 -0.0746021 0.437837
-1.96297 -0.082909 0.485124
-1.99798 -0.0950598 0.527747
-2.00784 -0.0979267 0.539107
-2.03657 -0.111199 0.573378
-2.04676 -0.115916 0.585407

-1.22638 0.216159 0.113943
-1.1634 0.162637 0.20108
-1.18419 0.124165 0.255749
-1.20208 0.0939608 0.308333
-1.23808 0.0427756 0.412965
-1.28462 -0.0271994 0.569989
-1.30902 -0.0441739 0.626785
-1.33544 -0.0648471 0.701169
-1.36225 -0.0775426 0.78086
-1.37746 -0.0882554 0.836454
-1.38986 -0.104444 0.883187
-1.39568 -0.111658 0.905052

-1.22638 0.216159 0.113943
-1.11182 0.372718 0.0634505
-1.04444 0.474135 0.0295881

-0.017719 3.9891 2.28464
-0.139949 3.95508 2.30823
-0.21773 3.89509 2.34777
-0.255807 3.85712 2.37385
-0.414823 3.69967 2.48187
-0.516406 3.58317 2.50364
-0.566681 3.52587 2.51394
-0.653672 3.42074 2.53156
-0.731422 3.28011 2.54412
-0.806293 3.13566 2.56119
-0.855292 3.04372 2.59179
-0.873872 3.00841 2.60318
-0.903259 2.96324 2.64373
-0.923261 2.94052 2.68609
-0.957668 2.90813 2.76861
-0.975302 2.93353 2.84718
-1.02366 2.97783 3.0464
-1.05083 3.00989 3.16597
-1.07639 3.00966 3.25393
-1.09692 3.00868 3.32386
-1.12288 3.00196 3.41383
-1.13859 2.99637 3.4687
-1.15676 2.98077 3.53608
-1.17697 2.9327 3.62491
-1.18188 2.88401 3.6805
-1.20295 2.78997 3.7734

-0.017719 3.9891 2.28464
0.0842849 3.96598 2.21038

-0.017719 3.9891 2.28464
-0.00557823 4.07912 2.30855
-0.0142607 4.16208 2.38419
-0.00902997 4.21579 2.44024
-0.00521704 4.30176 2.54352
0.00110657 4.41188 2.67862
0.000675755 4.47811 2.75319
0.000392138 4.55154 2.83081
2.22793e-05 4.60702 2.88913
-0.00102695 4.7455 3.03706
-0.00124622 4.81964 3.13198
-0.00185748 4.96555 3.31844
-0.00217479 5.02647 3.39691
-0.00227397 5.08027 3.46656
-0.00238914 5.15898 3.56872
-0.00360888 5.27687 3.72291
-0.00339846 5.35357 3.82523
-0.00217908 5.43292 3.92997
-0.000844812 5.55334 4.09567
0.00203721 5.63909 4.20002
0.00296339 5.73949 4.32204
0.00335547 5.79477 4.38369
0.00707919 5.85897 4.46501
0.000755975 5.95475 4.61195
-0.0010451 5.98397 4.6556
-0.00291157 6.01236 4.69903
-0.00643819 6.03247 4.78347
-0.0100492 6.0879 4.86552

-1.33643 1.88198 3.69193
-1.35832 1.94824 3.78572
-1.36813 2.01435 3.83796
-1.3725 2.05342 3.85223
-1.3782 2.1035 3.86993
-1.37789 2.17139 3.88698
-1.3739 2.26043 3.9018
-1.36116 2.35532 3.9079
-1.34715 2.44097 3.90374
-1.34029 2.4779 3.90038
-1.31252 2.58543 3.8828
-1.28467 2.66905 3.85606
-1.26895 2.70915 3.83513
-1.20295 2.78997 3.7734

-0.869164 1.92855 3.70584
-0.884846 2.02886 3.8196
-0.890645 2.09524 3.86689
-0.893437 2.11942 3.87579
-0.901224 2.17636 3.89848
-0.904856 2.24041 3.91454
-0.912885 2.32226 3.92955
-0.922962 2.41548 3.93641
-0.938041 2.51734 3.93214
-0.939481 2.52838 3.9306
-0.959849 2.62553 3.91239
-0.994366 2.73422 3.87482
-1.09953 2.79186 3.80519
-1.20295 2.78997 3.7734

-1.31817 2.18355 3.22772
-1.40208 2.19861 3.33428
-1.45821 2.23706 3.41685
-1.49831 2.27755 3.45508
-1.52888 2.32734 3.48871
-1.54959 2.39559 3.53049
-1.55584 2.47734 3.57042
-1.54421 2.56643 3.60342
-1.54049 2.5778 3.60697
-1.50482 2.66526 3.6345
-1.38733 2.74545 3.67713
-1.30099 2.79566 3.70951
-1.20295 2.78997 3.7734

1.3581 1.93794 3.78361
1.35581 1.94007 3.76857

-0.820722 0.559396 0.947668
-0.820764 0.568003 0.939822
-0.820839 0.600125 0.908898
-0.821157 0.634766 0.861035
-0.821367 0.665927 0.803936
-0.822125 0.682106 0.74462
-0.822682 0.686473 0.687398
-0.821358 0.671925 0.630457
-0.819097 0.645459 0.576576
-0.819023 0.597829 0.515341
-0.821772 0.550052 0.44365
-0.841156 0.501528 0.34923
-0.850959 0.4823 0.309235
-0.868793 0.451522 0.242715
-0.896952 0.42239 0.169311
-0.927463 0.406008 0.119947
-0.95325 0.402178 0.0983672
-1.04444 0.474135 0.0295881

1.31437 1.8709 3.64257
1.35581 1.94007 3.76857

2.04586 -0.113651 0.586728
2.03345 -0.10984 0.570237
2.0082 -0.097802 0.539593
1.99814 -0.0958744 0.528365
1.964 -0.0843695 0.485932
1.9288 -0.0769802 0.440178
1.88018 -0.0709523 0.39584
1.8519 -0.0592546 0.356419
1.80404 -0.0342331 0.295307
1.71811 -0.00464835 0.206459
1.59076 0.0529288 0.157502
1.48971 0.105732 0.122734
1.41116 0.148654 0.0972211
1.34499 0.184247 0.0798778
1.29751 0.214828 0.0662161
1.17476 0.28425 0.0746657

1.39632 -0.113477 0.908129
1.3912 -0.107331 0.889974
1.38134 -0.0920944 0.848898
1.37216 -0.0878591 0.812158
1.36323 -0.0813861 0.777757
1.33713 -0.0686889 0.704885
1.31233 -0.0462435 0.635063
1.28377 -0.0268728 0.568596
1.24184 0.0382643 0.417352
1.21085 0.0822283 0.328416
1.19173 0.113226 0.268734
1.1752 0.142632 0.219339
1.15921 0.173437 0.176184
1.13663 0.21862 0.134134
1.17476 0.28425 0.0746657

