0.303308 -0.290309 -0.249594
0.30085 -0.288195 -0.247395
0.295885 -0.283947 -0.242926
0.292928 -0.281422 -0.240265
0.289986 -0.278909 -0.237617
0.28564 -0.275189 -0.233703
0.280867 -0.271227 -0.229381
0.273466 -0.265201 -0.222671
0.265768 -0.259196 -0.21566
0.259304 -0.254273 -0.209757
0.251035 -0.249985 -0.201073
0.24461 -0.246682 -0.194314
0.238471 -0.243536 -0.187851
0.234679 -0.241592 -0.18386
0.227275 -0.237798 -0.176066
0.220226 -0.234186 -0.168645
0.213632 -0.230897 -0.161698
0.207484 -0.227833 -0.15522
0.203737 -0.226019 -0.151268
0.200593 -0.22452 -0.147951
0.195167 -0.222051 -0.14222
0.18957 -0.219521 -0.136309
0.183297 -0.216697 -0.129684
0.174481 -0.213518 -0.120599
0.169352 -0.211696 -0.115322
0.164451 -0.209951 -0.110279
0.158871 -0.207966 -0.104533
0.154151 -0.206297 -0.0996788
0.143672 -0.20259 -0.0889182
0.13768 -0.200575 -0.0829682
0.13123 -0.197994 -0.0766524
0.121247 -0.195317 -0.0677522
0.112497 -0.193007 -0.0599751
0.105319 -0.190976 -0.053545
0.0935082 -0.190283 -0.0447373
0.0841974 -0.191331 -0.0380375
0.0779595 -0.193019 -0.0343099
0.0741997 -0.193388 -0.0319719
0.0563516 -0.195952 -0.0216929

-0.283938 -0.28537 -0.108638
-0.277923 -0.28053 -0.101049

0.129332 -0.0120797 0.0548248
0.138085 -0.00825348 0.0712579
0.14025 -0.00876087 0.0767202
0.141726 -0.0101508 0.0815004
0.143992 -0.0143239 0.0909001
0.14505 -0.0215189 0.100531
0.146036 -0.0232307 0.104288
0.147586 -0.0266812 0.110999
0.15061 -0.0306508 0.122536
0.153421 -0.034021 0.132951
0.154479 -0.0353567 0.136989
0.157111 -0.0386469 0.146998
0.158296 -0.0401593 0.151572
0.160556 -0.0434371 0.161261
0.160281 -0.0459928 0.166873
0.15269 -0.058433 0.191597
0.14606 -0.0700178 0.214482
0.144841 -0.071032 0.21698

0.129332 -0.0120797 0.0548248
0.139365 0.0186718 0.0476928

0.129332 -0.0120797 0.0548248
0.113358 -0.036383 0.0416103
0.102985 -0.0539577 0.0346887
0.0986069 -0.0625319 0.0319771
0.0960249 -0.0674703 0.0302541
0.0866463 -0.0860248 0.0235072
0.0841568 -0.090932 0.0217093
0.0791858 -0.101838 0.0173902
0.0767945 -0.115742 0.0102858
0.0758744 -0.120871 0.00768298
0.0754204 -0.123479 0.00635283
0.0738984 -0.131098 0.00256121
0.0712666 -0.143078 -0.00325572
0.062951 -0.159886 -0.00913738
0.0626645 -0.164107 -0.0111645
0.0592251 -0.178909 -0.0169189
0.0563516 -0.195952 -0.0216929

-0.301094 -0.389167 -0.20687
-0.300786 -0.388438 -0.206325
-0.297779 -0.382728 -0.202272
-0.290576 -0.367449 -0.190151
-0.285701 -0.35764 -0.182358
-0.282451 -0.351133 -0.17717
-0.279676 -0.345522 -0.17276
-0.276556 -0.33973 -0.167572
-0.270768 -0.329801 -0.157748
-0.266818 -0.323022 -0.151043
-0.26242 -0.315639 -0.143745
-0.258299 -0.307916 -0.136114
-0.255979 -0.30379 -0.131401
-0.254423 -0.300815 -0.128
-0.25545 -0.28936 -0.114201

0.188554 0.460867 0.107525
0.187372 0.459241 0.11031
0.185817 0.456858 0.114048
0.184062 0.45412 0.11827
0.181422 0.449891 0.124626
0.178743 0.444939 0.131174
0.17598 0.439646 0.137955
0.1747 0.436173 0.141282
0.171136 0.424286 0.151159
0.171022 0.398513 0.158371
0.172012 0.387787 0.159517
0.172601 0.382668 0.159835
0.173917 0.373581 0.159787
0.174693 0.368378 0.159707
0.175614 0.362314 0.159584
0.176731 0.355945 0.159092
0.178622 0.345849 0.157999
0.180472 0.336671 0.156678
0.182522 0.326997 0.15413
0.18343 0.322884 0.152956
0.183846 0.321001 0.152411
0.184799 0.316452 0.151031
0.187635 0.304738 0.146864
0.18908 0.295625 0.140257

0.127626 -0.424625 -0.0574452
0.126534 -0.419324 -0.0561675
0.122692 -0.405507 -0.0535972
0.12018 -0.396666 -0.0520016
0.11881 -0.391848 -0.0511317
0.116023 -0.382045 -0.0493621
0.114212 -0.375708 -0.0482289
0.113268 -0.372408 -0.0476405
0.111703 -0.366947 -0.046668
0.109227 -0.358357 -0.0451564
0.105999 -0.347338 -0.043279
0.102808 -0.33649 -0.0414486
0.098806 -0.323063 -0.0392693
0.0973651 -0.318203 -0.0385058
0.0920688 -0.301788 -0.0363895
0.0886548 -0.291075 -0.0350283
0.0854887 -0.280925 -0.0337685
0.08321 -0.274299 -0.032875
0.0786517 -0.264485 -0.0310381
0.0723162 -0.251669 -0.0284892
0.0615681 -0.232196 -0.0251428
0.0597266 -0.221374 -0.0243434
0.0589303 -0.21196 -0.0236271
0.0563516 -0.195952 -0.0216929

0.103995 0.0620396 -0.0508788
0.107867 0.0607122 -0.0471211
0.111685 0.058079 -0.0403388
0.113604 0.0561715 -0.0358754
0.115411 0.0543395 -0.0316257
0.116706 0.0530099 -0.0285626
0.118945 0.0506405 -0.0231877
0.120253 0.0492151 -0.0199982
0.121448 0.0478311 -0.0170023
0.122767 0.0439716 -0.0108565
0.123471 0.0418121 -0.00746104
0.124266 0.037212 -0.00157311
0.126496 0.0357834 0.00449164
0.129403 0.0342116 0.0121285
0.132863 0.0336406 0.0199682
0.133786 0.0223058 0.0325244
0.139365 0.0186718 0.0476928

-0.115909 -0.448538 -0.0375693
-0.115474 -0.44273 -0.0360404
-0.115039 -0.43703 -0.0345575
-0.114601 -0.430598 -0.0329511
-0.114068 -0.423073 -0.0311212
-0.113672 -0.415851 -0.0295343
-0.112702 -0.394383 -0.0258307
-0.11192 -0.377062 -0.0228506
-0.111598 -0.370507 -0.0217533
-0.111001 -0.358586 -0.01989
-0.110157 -0.342899 -0.0181248
-0.109662 -0.323175 -0.0164751
-0.10888 -0.306919 -0.0153137
-0.108443 -0.29627 -0.0147043
-0.108374 -0.288112 -0.0144538
-0.108598 -0.282467 -0.0144133
-0.107505 -0.258938 -0.0146358
-0.104354 -0.242216 -0.0147577

-0.191061 -0.241889 -0.0451316
-0.194466 -0.248222 -0.0584325
-0.202372 -0.251997 -0.0682649
-0.206266 -0.254776 -0.0737768
-0.211209 -0.258869 -0.0817004
-0.220186 -0.265529 -0.0891583
-0.224097 -0.268298 -0.0921143
-0.226514 -0.270004 -0.0939326
-0.229839 -0.272357 -0.0964376
-0.233637 -0.275332 -0.0996148
-0.238993 -0.279169 -0.103665
-0.246572 -0.281654 -0.105876
-0.25545 -0.28936 -0.114201

-0.191061 -0.241889 -0.0451316
-0.172688 -0.240778 -0.0337969
-0.163387 -0.240449 -0.0285173
-0.156544 -0.241022 -0.0262713
-0.147865 -0.241427 -0.0238531
-0.135443 -0.242071 -0.0210696
-0.121138 -0.243 -0.0179617
-0.104354 -0.242216 -0.0147577

-0.191061 -0.241889 -0.0451316
-0.197033 -0.233894 -0.0334163
-0.206267 -0.230265 -0.0313268
-0.218923 -0.226547 -0.0304445
-0.228709 -0.226715 -0.0310862
-0.239104 -0.228974 -0.0326317
-0.253517 -0.23243 -0.0351102
-0.26175 -0.236628 -0.039436
-0.266649 -0.23938 -0.0423638
-0.2691 -0.241156 -0.0444336
-0.273492 -0.244561 -0.048491
-0.276698 -0.247969 -0.0528928
-0.277492 -0.248834 -0.0540165
-0.279843 -0.251396 -0.0573437
-0.283392 -0.25545 -0.0626594
-0.287131 -0.262338 -0.0723908
-0.289229 -0.269778 -0.0834694
-0.288947 -0.273945 -0.0900391
-0.286231 -0.277622 -0.0961159
-0.277923 -0.28053 -0.101049

0.139365 0.0186718 0.0476928
0.151013 0.0380864 0.0541326
0.155213 0.0445779 0.0569536
0.163112 0.0562069 0.0627418
0.169399 0.0671101 0.0658493
0.173056 0.0737769 0.0673246
0.178059 0.081885 0.0700202
0.186586 0.0956975 0.0746146
0.189139 0.100143 0.0759426
0.192129 0.10538 0.0774852
0.197542 0.114873 0.0802384
0.200526 0.123978 0.0822222
0.203599 0.13455 0.0843173
0.204499 0.138431 0.085344
0.206015 0.145809 0.0868317
0.207426 0.152824 0.0881961
0.210384 0.172322 0.0896172

0.18908 0.295625 0.140257
0.185769 0.293232 0.122656
0.183878 0.293405 0.111259
0.185227 0.289029 0.103458
0.186539 0.284978 0.0969981
0.187764 0.281312 0.0921644
0.188971 0.277722 0.0878335
0.190708 0.272539 0.0829122
0.19325 0.264768 0.0769971
0.19559 0.257597 0.0719566
0.197458 0.251293 0.0686352
0.199611 0.242374 0.0664767
0.201616 0.234454 0.0641748
0.204849 0.214464 0.0657794
0.20577 0.205958 0.0682712
0.206778 0.195313 0.0722761
0.207799 0.182346 0.0782411
0.208742 0.179514 0.0822376
0.210384 0.172322 0.0896172

0.18908 0.295625 0.140257
0.192145 0.288326 0.142873
0.194669 0.28089 0.142979
0.196639 0.275665 0.143569
0.200805 0.26214 0.143526

-0.277923 -0.28053 -0.101049
-0.268688 -0.282981 -0.105201
-0.263784 -0.283834 -0.106747
-0.25545 -0.28936 -0.114201

0.210384 0.172322 0.0896172
0.215448 0.174623 0.10249
0.21762 0.177286 0.108985

0.200805 0.26214 0.143526
0.201412 0.24942 0.138115
0.201873 0.238933 0.134082
0.202517 0.234535 0.132397
0.203355 0.228143 0.129571
0.20485 0.216267 0.124048
0.206419 0.204878 0.118474
0.208555 0.198235 0.116214
0.209929 0.194459 0.114975
0.214754 0.182957 0.11035
0.21762 0.177286 0.108985

0.200805 0.26214 0.143526
0.205008 0.261657 0.150365
0.207801 0.261736 0.155107
0.212413 0.260072 0.161866
0.220818 0.254442 0.170156
0.231214 0.246007 0.178753
0.240535 0.23818 0.186132
0.244594 0.232802 0.186096
0.248511 0.22644 0.184969
0.251666 0.219336 0.182312
0.254818 0.207969 0.176096
0.256151 0.200549 0.171346
0.255081 0.196512 0.16715
0.254154 0.193251 0.163705
0.252001 0.186649 0.156487
0.248946 0.179937 0.148388
0.239144 0.173795 0.134732
0.230927 0.171616 0.1245
0.22628 0.173466 0.119133
0.222768 0.17464 0.114623
0.21762 0.177286 0.108985

-0.104354 -0.242216 -0.0147577
-0.0917715 -0.235262 -0.0126135
-0.0845638 -0.229535 -0.0114341
-0.0824442 -0.228613 -0.0111521
-0.0754698 -0.225722 -0.0105287
-0.0632623 -0.221048 -0.00990124
-0.0551855 -0.218106 -0.00961677
-0.0422677 -0.213628 -0.00936898
-0.03011 -0.209044 -0.00898925
-0.0247859 -0.207291 -0.00901193
-0.0114137 -0.203539 -0.0103116
-0.00306539 -0.201085 -0.0110596
0.00332554 -0.199374 -0.0116759
0.00847938 -0.19795 -0.0122177
0.0141274 -0.197222 -0.0130685
0.0234691 -0.196306 -0.0146666
0.0321399 -0.195668 -0.0162227
0.0409102 -0.193744 -0.0174564
0.0563516 -0.195952 -0.0216929

