-0.0537313 -0.0180518 0.98825
-0.052828 -0.0171555 0.988068
-0.0518738 -0.0161929 0.987731
-0.0511701 -0.0154793 0.987609
-0.0503136 -0.0145946 0.987511
-0.0493924 -0.0136642 0.987416
-0.0485676 -0.0128166 0.987285
-0.0474419 -0.0116816 0.987095
-0.046347 -0.0105752 0.986998
-0.0451323 -0.00939712 0.986895
-0.0442964 -0.0086207 0.986795
-0.0433552 -0.00771661 0.986723
-0.041919 -0.00645442 0.986454
-0.0403575 -0.00549125 0.98611
-0.0395922 -0.00501719 0.985944
-0.0381142 -0.00411123 0.985636
-0.0372162 -0.00356089 0.985446
-0.036121 -0.00289276 0.985215
-0.0351574 -0.00230655 0.985011
-0.0344435 -0.0018739 0.98486
-0.03344 -0.00127235 0.984646
-0.0325133 -0.000727287 0.984447
-0.0317497 -0.000282265 0.984259
-0.0295323 0.001017 0.983722
-0.027817 0.00197303 0.983261
-0.0269208 0.0024947 0.982981
-0.0261403 0.00297338 0.982741
-0.0247424 0.00387736 0.982304
-0.0234486 0.00472843 0.981909
-0.0225393 0.00565384 0.981539
-0.0214278 0.00663448 0.981143

-0.0214278 0.00663448 0.981143
-0.0190084 0.00714881 0.980909
-0.0184302 0.00702049 0.98095
-0.0170481 0.0067518 0.981044
-0.0154648 0.00660672 0.981128
-0.0145411 0.00653932 0.981172
-0.01428 0.00652182 0.981185
-0.0126582 0.006434 0.981263
-0.00973419 0.00663366 0.981395
-0.00763868 0.00689986 0.981448
-0.00559152 0.00726882 0.981394
-0.00434978 0.00746617 0.981317
-0.00351642 0.00761243 0.981349
-0.00171101 0.00798016 0.981293
8.89227e-06 0.0082931 0.981197
0.00142781 0.00848917 0.981098
0.00237395 0.00862075 0.981025
0.00307542 0.00871839 0.980972
0.00453803 0.0089254 0.980862
0.00632028 0.00917888 0.980743
0.0082572 0.00916637 0.980553
0.0102246 0.00910804 0.980385
0.0106586 0.00909819 0.980346
0.0117071 0.00907348 0.980252
0.0125267 0.00905323 0.980179
0.0136628 0.00902443 0.980076
0.0144613 0.00900457 0.980003
0.0150346 0.00899754 0.979947
0.0163326 0.00880434 0.979893
0.0175211 0.00863701 0.979839
0.0201732 0.00825502 0.979689
0.0213956 0.00807502 0.979613
0.0224493 0.00793259 0.979533
0.0234228 0.00769089 0.979493
0.0245593 0.00738492 0.979459
0.026228 0.00688889 0.979409
0.0274125 0.00652174 0.979374
0.0286884 0.00607959 0.979314
0.0306747 0.00538361 0.979219
0.0318214 0.00495967 0.979176
0.0332994 0.00433561 0.979077
0.0340153 0.00405565 0.979054
0.0351736 0.0036127 0.979004
0.0366907 0.00300856 0.978889
0.0383526 0.00203059 0.978661
0.0399806 0.00102205 0.978502
0.0405924 0.000633828 0.978436
0.0412922 0.000181001 0.978359
0.0424017 -0.000565259 0.978234
0.0429013 -0.00090863 0.978177
0.043464 -0.00132905 0.978111
0.0444002 -0.00210176 0.978001
0.0451287 -0.00312574 0.97794
0.046935 -0.0055818 0.977787

-0.0214278 0.00663448 0.981143
-0.0215184 0.00832323 0.980494
-0.0220154 0.00972331 0.979962
-0.0223544 0.0107538 0.97957
-0.0225517 0.0113185 0.979356
-0.0231191 0.0124075 0.978985
-0.0236278 0.0133107 0.978691
-0.0240707 0.0140638 0.978455
-0.0245821 0.0149231 0.97819
-0.0252211 0.0159655 0.977869
-0.0260265 0.0173563 0.977476
-0.02708 0.0190103 0.977123
-0.0288537 0.0215627 0.976803
-0.0300952 0.0234093 0.976635
-0.030743 0.0243578 0.976725
-0.0316443 0.0256666 0.976732
-0.0326028 0.0270861 0.976826
-0.0330641 0.0277663 0.976763
-0.0336858 0.0286845 0.976858
-0.034579 0.0300044 0.976991
-0.0347732 0.0302915 0.97702
-0.0353093 0.0310839 0.977099
-0.0358467 0.0318785 0.97718
-0.0363856 0.0326755 0.97726
-0.037093 0.0337217 0.977366
-0.0375755 0.0344353 0.977439
-0.0380508 0.0351388 0.977511
-0.0385789 0.0359206 0.977594
-0.0391604 0.0367861 0.977766
-0.0400829 0.0382082 0.977898
-0.0406445 0.0390863 0.97799
-0.0416569 0.0407002 0.978171
-0.0426541 0.0422626 0.978239
-0.0432033 0.043145 0.978302
-0.043725 0.0439955 0.978358
-0.0447055 0.0455724 0.978434
-0.0458973 0.0473053 0.978283
-0.04678 0.0486192 0.978127
-0.0479405 0.0502784 0.977804
-0.0488313 0.0516221 0.977403
-0.0498583 0.0530245 0.976921
-0.0499753 0.0531899 0.976851
-0.051036 0.0546826 0.976212
-0.0518966 0.0559118 0.975596
-0.0527119 0.0570167 0.975067
-0.0535909 0.0582682 0.974399
-0.0542222 0.0591364 0.973931
-0.0549735 0.0602587 0.973319
-0.0555319 0.0611141 0.972872
-0.0565682 0.0627307 0.972003
-0.0574095 0.064122 0.971292
-0.0578705 0.0648744 0.970898
-0.0589081 0.0666725 0.969997
-0.0594936 0.0676948 0.969482
-0.0599717 0.0685701 0.969074
-0.0603548 0.0692755 0.968756
-0.0610735 0.0706304 0.968102
-0.061878 0.0721542 0.967376
-0.0624627 0.0732372 0.966875
-0.0626837 0.0736424 0.96669
-0.063386 0.0749153 0.96611
-0.0642097 0.0765517 0.965456
-0.0648284 0.0776863 0.964949
-0.0655084 0.0788841 0.964494
-0.0661361 0.0800804 0.964026
-0.066141 0.0800907 0.964024

0.0324006 -0.0414618 0.977916
0.0331711 -0.0405331 0.978033
0.034381 -0.0387798 0.978256
0.0347811 -0.0382041 0.978322
0.0358351 -0.0364449 0.978491
0.0363309 -0.035596 0.978566
0.0364019 -0.0354728 0.978577
0.0370538 -0.034344 0.978675
0.0379038 -0.0328665 0.9788
0.0383494 -0.0320861 0.978865
0.0387209 -0.031436 0.978919
0.039226 -0.0305506 0.978993
0.0403221 -0.0286122 0.979151
0.0410462 -0.0273118 0.979253
0.0416088 -0.0263124 0.979336
0.0420891 -0.0255066 0.979422
0.0424654 -0.0246802 0.97943
0.0430799 -0.0231064 0.979376
0.0436146 -0.0217517 0.979335
0.0439928 -0.0207973 0.979308
0.0444415 -0.0196623 0.979276
0.0450943 -0.0180022 0.979228
0.0456699 -0.0161133 0.979102
0.0459418 -0.0149625 0.978995
0.0461145 -0.0139518 0.978877
0.0462251 -0.0130884 0.978772
0.0464724 -0.0110261 0.978522
0.0467144 -0.00873423 0.978235
0.0469486 -0.00798626 0.978084
0.046935 -0.0055818 0.977787

0.0877152 -0.00409649 0.960908
0.0872146 -0.00428506 0.96118
0.0862757 -0.00462911 0.961724
0.0854889 -0.0049017 0.962179
0.0843218 -0.00528563 0.962834
0.0832148 -0.00564196 0.963505
0.0822717 -0.005937 0.964012
0.081614 -0.00611441 0.964409
0.0805265 -0.00633563 0.964959
0.0798889 -0.00645552 0.965302
0.0790523 -0.00661151 0.965754
0.0769048 -0.0070134 0.966937
0.0751958 -0.0072105 0.967844
0.0744924 -0.00726726 0.96819
0.0733532 -0.00736518 0.968771
0.0725093 -0.00731675 0.969118
0.071738 -0.0073014 0.96949
0.0705878 -0.00729038 0.97005
0.0690459 -0.00715787 0.970708
0.0678442 -0.0070368 0.971258
0.0669276 -0.00691314 0.971667
0.065007 -0.00657958 0.972368
0.0640753 -0.00641716 0.9727
0.0637763 -0.00636568 0.972806
0.0624188 -0.00613243 0.973286
0.0615632 -0.00598779 0.973583
0.061474 -0.00597297 0.973613
0.0605529 -0.00582145 0.973924
0.0600028 -0.00573465 0.974101
0.0590225 -0.0055838 0.974412
0.0571508 -0.00530808 0.974981
0.0555161 -0.00508432 0.975451
0.0545714 -0.00497156 0.975709
0.0528569 -0.00474993 0.976169
0.0516476 -0.00495786 0.976505
0.0500915 -0.00533526 0.976951
0.046935 -0.0055818 0.977787

